1,1,51.01,51.43,126.69,73.13,1.0000,-1,-1,-1
1,2,91.00,0.00,230.41,67.59,1.0000,-1,-1,-1
1,3,312.05,0.00,403.05,120.31,1.0000,-1,-1,-1
1,4,0.00,9.77,22.95,39.96,1.0000,-1,-1,-1
2,1,31.45,45.48,126.70,73.13,1.0000,-1,-1,-1
2,2,91.00,0.00,230.41,67.50,1.0000,-1,-1,-1
2,3,311.20,0.00,403.05,119.46,1.0000,-1,-1,-1
2,4,0.00,9.77,14.40,39.96,1.0000,-1,-1,-1
3,1,11.89,43.78,126.70,73.13,1.0000,-1,-1,-1
3,2,91.00,0.00,230.41,67.42,1.0000,-1,-1,-1
3,3,310.35,0.00,403.05,118.61,1.0000,-1,-1,-1
3,4,0.00,9.77,4.20,39.96,1.0000,-1,-1,-1
4,1,0.00,41.23,121.58,73.13,1.0000,-1,-1,-1
4,2,91.00,0.00,230.41,67.33,1.0000,-1,-1,-1
4,3,309.50,0.00,403.05,117.76,1.0000,-1,-1,-1
5,1,0.00,37.83,103.73,73.13,1.0000,-1,-1,-1
5,2,91.00,0.00,230.41,67.24,1.0000,-1,-1,-1
5,3,308.65,0.00,403.05,116.91,1.0000,-1,-1,-1
6,1,0.00,36.98,83.32,73.13,1.0000,-1,-1,-1
6,2,91.00,0.00,230.41,67.16,1.0000,-1,-1,-1
6,3,308.41,0.00,403.05,116.79,1.0000,-1,-1,-1
7,1,0.00,34.43,63.76,73.13,1.0000,-1,-1,-1
7,2,91.00,0.00,230.41,67.07,1.0000,-1,-1,-1
7,3,308.17,0.00,403.04,116.67,1.0000,-1,-1,-1
8,1,0.00,32.73,45.91,73.12,1.0000,-1,-1,-1
8,2,91.00,0.00,230.41,66.98,1.0000,-1,-1,-1
8,3,307.92,0.00,403.05,116.54,1.0000,-1,-1,-1
9,1,0.00,28.48,34.00,73.12,1.0000,-1,-1,-1
9,2,91.00,0.00,230.41,66.90,1.0000,-1,-1,-1
9,3,307.68,0.00,403.05,116.42,1.0000,-1,-1,-1
10,1,0.00,25.92,17.00,73.13,1.0000,-1,-1,-1
10,2,91.00,0.00,230.41,66.81,1.0000,-1,-1,-1
10,3,307.44,0.00,403.04,116.30,1.0000,-1,-1,-1
10,5,912.37,186.63,47.63,86.74,1.0000,-1,-1,-1
11,2,91.00,0.00,230.41,66.73,1.0000,-1,-1,-1
11,3,307.20,0.00,403.04,116.18,1.0000,-1,-1,-1
11,5,864.80,186.63,95.20,86.74,1.0000,-1,-1,-1
12,2,91.00,0.00,230.41,66.64,1.0000,-1,-1,-1
12,3,306.95,0.00,403.05,116.06,1.0000,-1,-1,-1
12,5,812.10,171.33,147.90,96.97,1.0000,-1,-1,-1
13,2,91.00,0.00,230.41,66.55,1.0000,-1,-1,-1
13,3,306.39,0.00,403.04,115.92,1.0000,-1,-1,-1
13,5,777.24,156.02,182.76,113.18,1.0000,-1,-1,-1
14,2,91.00,0.00,230.41,66.47,1.0000,-1,-1,-1
14,3,305.82,0.00,403.04,115.77,1.0000,-1,-1,-1
14,5,730.50,143.30,229.50,133.60,1.0000,-1,-1,-1
14,6,0.00,174.73,22.10,58.67,1.0000,-1,-1,-1
15,2,91.00,0.00,230.41,66.38,1.0000,-1,-1,-1
15,3,305.25,0.00,403.05,115.63,1.0000,-1,-1,-1
15,5,684.60,135.65,274.55,131.85,1.0000,-1,-1,-1
15,6,0.85,161.97,38.25,88.43,1.0000,-1,-1,-1
16,2,91.00,0.00,230.41,66.29,1.0000,-1,-1,-1
16,3,304.69,0.00,403.04,115.49,1.0000,-1,-1,-1
16,5,652.25,133.90,280.54,120.80,1.0000,-1,-1,-1
16,6,0.85,161.97,54.45,99.53,1.0000,-1,-1,-1
17,2,91.00,0.00,230.41,66.21,1.0000,-1,-1,-1
17,3,304.12,0.00,403.04,115.35,1.0000,-1,-1,-1
17,5,614.80,124.60,274.62,116.50,1.0000,-1,-1,-1
17,6,0.85,160.27,77.45,115.73,1.0000,-1,-1,-1
18,2,91.00,0.00,230.41,66.12,1.0000,-1,-1,-1
18,3,303.55,0.00,403.05,115.21,1.0000,-1,-1,-1
18,5,573.20,116.10,273.70,118.20,1.0000,-1,-1,-1
18,6,0.85,160.27,97.05,128.53,1.0000,-1,-1,-1
19,2,91.00,0.00,230.41,66.03,1.0000,-1,-1,-1
19,3,303.55,0.00,403.05,115.21,1.0000,-1,-1,-1
19,5,541.70,102.50,257.59,119.08,1.0000,-1,-1,-1
19,6,2.55,166.23,119.15,137.07,1.0000,-1,-1,-1
20,2,91.00,0.00,230.41,65.95,1.0000,-1,-1,-1
20,3,303.55,0.00,403.05,115.21,1.0000,-1,-1,-1
20,5,515.30,103.40,240.63,109.68,1.0000,-1,-1,-1
20,6,0.00,176.43,148.10,137.07,1.0000,-1,-1,-1
21,2,91.00,0.00,230.41,65.86,1.0000,-1,-1,-1
21,3,303.55,0.00,403.05,115.21,1.0000,-1,-1,-1
21,5,475.33,95.75,240.63,109.68,1.0000,-1,-1,-1
21,6,2.55,182.38,170.25,149.82,1.0000,-1,-1,-1
22,2,91.00,0.00,230.41,65.77,1.0000,-1,-1,-1
22,3,303.55,0.00,403.05,115.21,1.0000,-1,-1,-1
22,5,443.90,94.90,237.20,103.73,1.0000,-1,-1,-1
22,6,0.00,190.04,202.60,155.76,1.0000,-1,-1,-1
23,2,91.00,0.00,230.41,65.69,1.0000,-1,-1,-1
23,3,303.55,0.00,403.05,115.21,1.0000,-1,-1,-1
23,5,420.05,88.10,221.08,103.72,1.0000,-1,-1,-1
23,6,6.80,198.54,226.40,158.36,1.0000,-1,-1,-1
24,2,91.00,0.00,230.41,65.60,1.0000,-1,-1,-1
24,3,303.55,0.00,403.05,115.21,1.0000,-1,-1,-1
24,5,388.59,83.85,221.08,103.72,1.0000,-1,-1,-1
24,6,33.16,207.89,233.24,166.91,1.0000,-1,-1,-1
25,2,91.00,0.00,230.41,65.51,1.0000,-1,-1,-1
25,3,303.55,0.00,403.05,115.21,1.0000,-1,-1,-1
25,5,370.70,81.30,207.51,98.62,1.0000,-1,-1,-1
25,6,56.97,219.80,246.03,176.30,1.0000,-1,-1,-1
26,2,91.00,0.00,230.41,65.43,1.0000,-1,-1,-1
26,3,303.55,0.00,403.05,115.21,1.0000,-1,-1,-1
26,5,346.00,78.70,199.90,91.87,1.0000,-1,-1,-1
26,6,85.03,230.85,257.07,185.65,1.0000,-1,-1,-1
27,2,91.00,0.00,230.41,65.34,1.0000,-1,-1,-1
27,3,303.55,0.00,403.05,115.21,1.0000,-1,-1,-1
27,5,326.40,75.30,190.59,90.16,1.0000,-1,-1,-1
27,6,106.29,236.80,285.11,204.40,1.0000,-1,-1,-1
28,2,91.00,0.00,230.41,65.26,1.0000,-1,-1,-1
28,3,303.55,0.00,403.05,115.21,1.0000,-1,-1,-1
28,5,302.60,72.75,188.03,87.61,1.0000,-1,-1,-1
28,6,136.05,250.41,307.25,216.29,1.0000,-1,-1,-1
29,2,91.00,0.00,230.41,65.17,1.0000,-1,-1,-1
29,3,303.55,0.00,403.05,115.21,1.0000,-1,-1,-1
29,5,283.90,71.00,179.52,81.71,1.0000,-1,-1,-1
29,6,167.51,264.86,333.59,235.04,1.0000,-1,-1,-1
29,7,910.70,178.13,49.29,78.23,1.0000,-1,-1,-1
30,2,91.00,0.00,230.41,65.08,1.0000,-1,-1,-1
30,3,303.55,0.00,403.05,115.21,1.0000,-1,-1,-1
30,5,263.50,65.90,174.41,80.86,1.0000,-1,-1,-1
30,6,209.17,283.57,357.43,249.53,1.0000,-1,-1,-1
30,7,858.00,178.13,101.99,74.87,1.0000,-1,-1,-1
31,2,91.00,0.00,921.64,260.00,1.0000,-1,-1,-1
31,3,303.55,0.00,403.05,115.21,1.0000,-1,-1,-1
31,5,242.24,62.50,174.41,80.86,1.0000,-1,-1,-1
31,6,248.29,298.02,388.91,241.98,1.0000,-1,-1,-1
31,7,815.50,156.00,144.49,91.00,1.0000,-1,-1,-1
32,2,91.00,0.00,230.41,64.91,1.0000,-1,-1,-1
32,3,303.55,0.00,403.05,115.21,1.0000,-1,-1,-1
32,5,226.90,62.50,163.40,74.90,1.0000,-1,-1,-1
32,6,293.36,317.58,425.44,222.42,1.0000,-1,-1,-1
32,7,765.30,146.60,194.69,112.30,1.0000,-1,-1,-1
33,2,91.00,0.00,230.41,64.82,1.0000,-1,-1,-1
33,3,303.55,0.00,403.05,115.21,1.0000,-1,-1,-1
33,5,209.10,56.50,159.90,77.50,1.0000,-1,-1,-1
33,6,345.22,340.54,447.58,199.46,1.0000,-1,-1,-1
33,7,723.60,134.70,236.39,117.40,1.0000,-1,-1,-1
34,2,91.00,0.00,230.41,64.74,1.0000,-1,-1,-1
34,3,303.55,0.00,403.05,115.21,1.0000,-1,-1,-1
34,5,189.54,51.40,159.90,77.50,1.0000,-1,-1,-1
34,6,395.39,354.14,489.31,185.86,1.0000,-1,-1,-1
34,7,684.50,116.00,256.78,121.60,1.0000,-1,-1,-1
35,2,91.00,0.00,230.41,64.65,1.0000,-1,-1,-1
35,3,303.55,0.00,403.05,115.21,1.0000,-1,-1,-1
35,5,176.80,48.80,155.64,75.00,1.0000,-1,-1,-1
35,6,456.61,386.46,479.99,153.54,1.0000,-1,-1,-1
35,7,641.98,106.65,256.79,121.60,1.0000,-1,-1,-1
36,2,91.00,0.00,230.41,64.56,1.0000,-1,-1,-1
36,3,303.55,0.00,403.05,115.21,1.0000,-1,-1,-1
36,5,158.94,47.95,155.64,75.00,1.0000,-1,-1,-1
36,6,522.09,407.71,437.91,132.29,1.0000,-1,-1,-1
36,7,608.80,100.70,237.25,114.79,1.0000,-1,-1,-1
37,2,91.00,0.00,230.41,64.48,1.0000,-1,-1,-1
37,3,303.55,0.00,403.05,115.21,1.0000,-1,-1,-1
37,5,147.90,45.40,145.42,73.30,1.0000,-1,-1,-1
37,6,604.57,437.47,355.43,102.53,1.0000,-1,-1,-1
37,7,572.24,93.05,237.25,114.79,1.0000,-1,-1,-1
38,2,91.00,0.00,230.41,64.39,1.0000,-1,-1,-1
38,3,303.55,0.00,403.05,115.21,1.0000,-1,-1,-1
38,5,134.30,46.30,142.02,69.84,1.0000,-1,-1,-1
38,6,703.20,470.64,256.80,69.36,1.0000,-1,-1,-1
38,7,539.90,88.80,227.07,109.69,1.0000,-1,-1,-1
39,2,91.00,0.00,230.41,64.30,1.0000,-1,-1,-1
39,3,303.55,0.00,403.05,115.21,1.0000,-1,-1,-1
39,5,121.50,44.60,137.81,65.59,1.0000,-1,-1,-1
39,6,832.45,504.65,127.55,35.35,1.0000,-1,-1,-1
39,7,508.40,80.30,219.46,107.13,1.0000,-1,-1,-1
40,2,91.00,0.00,230.41,64.22,1.0000,-1,-1,-1
40,3,303.55,0.00,403.05,115.21,1.0000,-1,-1,-1
40,5,109.60,42.90,129.30,63.04,1.0000,-1,-1,-1
40,7,477.80,77.70,210.09,100.38,1.0000,-1,-1,-1
41,2,91.00,0.00,230.41,64.13,1.0000,-1,-1,-1
41,3,303.55,0.00,403.05,115.21,1.0000,-1,-1,-1
41,5,96.80,39.50,124.25,60.49,1.0000,-1,-1,-1
41,7,446.30,75.10,205.88,96.18,1.0000,-1,-1,-1
42,2,91.00,0.00,230.41,64.04,1.0000,-1,-1,-1
42,3,303.55,0.00,403.05,115.21,1.0000,-1,-1,-1
42,5,83.20,36.10,124.24,60.49,1.0000,-1,-1,-1
42,7,417.40,71.70,199.07,92.77,1.0000,-1,-1,-1
43,2,91.00,0.00,230.41,63.96,1.0000,-1,-1,-1
43,3,303.55,0.00,403.05,115.21,1.0000,-1,-1,-1
43,5,73.80,34.40,119.18,60.49,1.0000,-1,-1,-1
43,7,392.70,67.40,192.30,89.42,1.0000,-1,-1,-1
44,2,91.00,0.00,230.41,63.87,1.0000,-1,-1,-1
44,3,303.55,0.00,403.05,115.21,1.0000,-1,-1,-1
44,5,61.00,31.00,115.83,60.48,1.0000,-1,-1,-1
44,7,368.00,62.30,182.99,89.42,1.0000,-1,-1,-1
45,2,91.00,0.00,230.41,63.79,1.0000,-1,-1,-1
45,3,303.55,0.00,403.05,115.21,1.0000,-1,-1,-1
45,5,51.60,31.90,112.47,59.58,1.0000,-1,-1,-1
45,7,345.90,59.75,177.03,86.87,1.0000,-1,-1,-1
46,2,91.00,0.00,230.41,63.70,1.0000,-1,-1,-1
46,3,303.55,0.00,403.05,115.21,1.0000,-1,-1,-1
46,5,39.70,31.00,110.77,59.63,1.0000,-1,-1,-1
46,7,322.10,56.30,171.92,84.37,1.0000,-1,-1,-1
47,2,91.00,0.00,230.41,63.61,1.0000,-1,-1,-1
47,3,303.55,0.00,403.05,115.21,1.0000,-1,-1,-1
47,5,28.65,28.45,110.77,59.63,1.0000,-1,-1,-1
47,7,299.10,51.20,166.01,82.70,1.0000,-1,-1,-1
48,2,91.00,0.00,230.41,63.53,1.0000,-1,-1,-1
48,3,303.55,0.00,403.05,115.21,1.0000,-1,-1,-1
48,5,20.14,27.60,110.77,59.63,1.0000,-1,-1,-1
48,7,279.55,48.60,160.05,80.20,1.0000,-1,-1,-1
49,2,91.00,0.00,230.41,63.44,1.0000,-1,-1,-1
49,3,303.55,0.00,403.05,115.21,1.0000,-1,-1,-1
49,5,9.94,25.05,110.77,59.63,1.0000,-1,-1,-1
49,7,259.10,47.70,154.14,79.40,1.0000,-1,-1,-1
50,2,91.00,0.00,230.41,63.35,1.0000,-1,-1,-1
50,3,303.55,0.00,403.05,115.21,1.0000,-1,-1,-1
50,5,0.00,22.50,102.85,59.63,1.0000,-1,-1,-1
50,7,243.80,44.30,149.89,78.55,1.0000,-1,-1,-1
51,2,91.00,0.00,230.41,63.27,1.0000,-1,-1,-1
51,3,303.55,0.00,403.05,115.21,1.0000,-1,-1,-1
51,5,0.00,19.94,96.05,59.64,1.0000,-1,-1,-1
51,7,222.54,39.20,149.89,78.54,1.0000,-1,-1,-1
52,2,91.00,0.00,230.41,63.18,1.0000,-1,-1,-1
52,3,303.55,0.00,403.05,115.21,1.0000,-1,-1,-1
52,5,0.00,17.39,85.85,59.64,1.0000,-1,-1,-1
52,7,206.40,36.60,143.07,76.89,1.0000,-1,-1,-1
53,2,91.00,0.00,230.41,63.09,1.0000,-1,-1,-1
53,3,303.55,0.00,403.05,115.21,1.0000,-1,-1,-1
53,5,0.00,14.84,74.79,59.64,1.0000,-1,-1,-1
53,7,189.40,35.70,140.51,75.24,1.0000,-1,-1,-1
54,2,91.00,0.00,230.41,63.01,1.0000,-1,-1,-1
54,3,303.55,0.00,403.05,115.21,1.0000,-1,-1,-1
54,5,0.00,16.54,64.59,59.64,1.0000,-1,-1,-1
54,7,174.10,34.00,134.55,75.24,1.0000,-1,-1,-1
55,2,91.00,0.00,230.41,62.92,1.0000,-1,-1,-1
55,3,303.55,0.00,403.05,115.21,1.0000,-1,-1,-1
55,5,0.00,12.29,55.23,59.64,1.0000,-1,-1,-1
55,7,160.50,29.70,132.85,73.59,1.0000,-1,-1,-1
56,2,91.00,0.00,230.41,62.83,1.0000,-1,-1,-1
56,3,303.55,0.00,403.05,115.21,1.0000,-1,-1,-1
56,5,0.00,10.59,45.88,59.64,1.0000,-1,-1,-1
56,7,146.90,28.85,126.04,71.88,1.0000,-1,-1,-1
57,2,91.00,0.00,230.41,62.75,1.0000,-1,-1,-1
57,3,303.55,0.00,403.05,115.21,1.0000,-1,-1,-1
57,5,0.00,9.74,37.38,59.63,1.0000,-1,-1,-1
57,7,133.25,29.75,122.68,68.43,1.0000,-1,-1,-1
58,2,91.00,0.00,230.41,62.66,1.0000,-1,-1,-1
58,3,303.55,0.00,403.05,115.21,1.0000,-1,-1,-1
58,5,0.00,11.44,30.57,59.63,1.0000,-1,-1,-1
58,7,119.64,28.05,122.69,68.43,1.0000,-1,-1,-1
59,2,91.00,0.00,230.41,62.57,1.0000,-1,-1,-1
59,3,303.55,0.00,403.05,115.21,1.0000,-1,-1,-1
59,5,0.00,12.29,21.22,59.63,1.0000,-1,-1,-1
59,7,105.19,27.20,122.68,68.43,1.0000,-1,-1,-1
60,2,91.00,0.00,230.41,62.49,1.0000,-1,-1,-1
60,3,303.55,0.00,403.05,115.21,1.0000,-1,-1,-1
60,5,0.00,12.29,11.02,59.63,1.0000,-1,-1,-1
60,7,98.40,29.70,113.32,62.53,1.0000,-1,-1,-1
