1,1,308.77,0.00,402.52,114.42,0.8879,-1,-1,-1
1,2,98.90,0.00,221.53,62.89,0.8722,-1,-1,-1
1,3,56.52,60.14,120.96,52.37,0.7434,-1,-1,-1
1,4,0.00,12.25,18.05,31.53,0.5931,-1,-1,-1
2,1,309.16,0.00,400.42,113.81,0.8956,-1,-1,-1
2,2,98.35,0.00,222.09,63.04,0.8718,-1,-1,-1
2,3,38.50,58.15,120.60,52.25,0.7738,-1,-1,-1
2,4,0.00,15.67,13.43,26.62,0.5888,-1,-1,-1
3,1,309.12,0.00,399.54,113.54,0.9020,-1,-1,-1
3,2,97.48,0.00,222.67,63.21,0.8757,-1,-1,-1
3,3,22.58,55.79,116.59,50.51,0.7816,-1,-1,-1
4,1,308.54,0.00,399.21,113.41,0.8917,-1,-1,-1
4,2,96.22,0.00,223.91,63.56,0.8810,-1,-1,-1
4,3,5.18,53.10,112.10,48.57,0.7639,-1,-1,-1
5,1,308.21,0.00,398.71,113.22,0.8805,-1,-1,-1
5,2,95.11,0.00,225.23,63.97,0.8764,-1,-1,-1
5,3,0.00,50.14,102.23,47.30,0.7963,-1,-1,-1
6,1,307.56,0.00,398.24,113.01,0.8867,-1,-1,-1
6,2,94.32,0.00,225.62,64.13,0.8735,-1,-1,-1
6,3,0.00,46.86,89.55,45.95,0.7740,-1,-1,-1
7,1,306.70,0.00,398.38,112.98,0.8924,-1,-1,-1
7,2,95.13,0.00,224.45,63.88,0.8739,-1,-1,-1
7,3,0.00,41.27,79.94,46.87,0.6616,-1,-1,-1
8,1,306.00,0.00,398.61,112.95,0.8905,-1,-1,-1
8,2,95.52,0.00,223.11,63.55,0.8737,-1,-1,-1
8,3,0.00,40.57,64.74,41.91,0.6197,-1,-1,-1
9,1,305.71,0.00,399.25,113.10,0.8907,-1,-1,-1
9,2,95.99,0.00,222.32,63.39,0.8673,-1,-1,-1
10,1,305.31,0.00,398.67,112.84,0.8868,-1,-1,-1
10,2,95.90,0.00,221.66,63.22,0.8748,-1,-1,-1
11,1,304.88,0.00,398.12,112.57,0.9017,-1,-1,-1
11,2,95.41,0.00,221.61,63.21,0.8731,-1,-1,-1
12,1,304.47,0.00,397.95,112.40,0.8895,-1,-1,-1
12,2,95.70,0.00,221.50,63.19,0.8677,-1,-1,-1
12,7,845.39,174.43,101.80,87.18,0.7256,-1,-1,-1
13,1,304.19,0.00,398.05,112.30,0.8984,-1,-1,-1
13,2,95.49,0.00,221.80,63.31,0.8622,-1,-1,-1
13,7,816.55,160.85,118.57,100.61,0.8492,-1,-1,-1
14,1,304.16,0.00,398.08,112.21,0.8892,-1,-1,-1
14,2,95.29,0.00,222.37,63.54,0.8708,-1,-1,-1
14,7,783.37,151.09,139.90,116.80,0.8854,-1,-1,-1
15,1,304.15,0.00,398.21,112.14,0.8982,-1,-1,-1
15,2,96.85,0.00,220.72,63.11,0.8730,-1,-1,-1
15,7,758.80,144.79,145.93,117.74,0.9010,-1,-1,-1
16,1,303.88,0.00,398.54,112.14,0.8854,-1,-1,-1
16,2,98.38,0.00,219.84,62.93,0.8735,-1,-1,-1
16,7,728.64,143.90,142.64,109.51,0.8868,-1,-1,-1
16,9,5.24,167.16,37.86,83.74,0.7363,-1,-1,-1
17,1,304.23,0.00,398.60,112.14,0.8870,-1,-1,-1
17,2,98.60,0.00,219.18,62.77,0.8754,-1,-1,-1
17,7,684.34,133.04,149.54,109.92,0.9098,-1,-1,-1
17,9,11.01,165.50,43.99,96.20,0.8271,-1,-1,-1
18,1,304.51,0.00,398.38,112.01,0.8700,-1,-1,-1
18,2,98.84,0.00,219.65,63.00,0.8786,-1,-1,-1
18,7,642.08,125.61,151.08,105.98,0.8909,-1,-1,-1
18,9,18.44,166.63,51.22,109.42,0.8806,-1,-1,-1
19,1,305.47,0.00,397.21,111.57,0.8747,-1,-1,-1
19,2,98.50,0.00,219.93,63.17,0.8741,-1,-1,-1
19,7,599.04,119.03,152.08,102.23,0.8919,-1,-1,-1
19,9,27.08,171.03,57.80,118.60,0.8597,-1,-1,-1
20,1,305.85,0.00,397.26,111.48,0.8568,-1,-1,-1
20,2,98.30,0.00,219.28,62.98,0.8745,-1,-1,-1
20,7,563.05,117.41,147.64,94.37,0.8881,-1,-1,-1
20,9,35.60,177.95,64.63,125.18,0.8758,-1,-1,-1
21,1,305.45,0.00,398.75,111.96,0.8636,-1,-1,-1
21,2,97.80,0.00,219.83,63.19,0.8698,-1,-1,-1
21,7,527.13,115.20,146.17,89.15,0.8934,-1,-1,-1
21,9,44.52,185.34,73.19,131.60,0.8990,-1,-1,-1
22,1,307.61,0.00,395.34,110.87,0.8318,-1,-1,-1
22,2,97.74,0.00,219.86,63.23,0.8677,-1,-1,-1
22,7,492.75,109.98,146.79,85.55,0.8830,-1,-1,-1
22,9,53.23,193.96,83.54,137.58,0.9009,-1,-1,-1
23,1,307.80,0.00,394.89,110.67,0.8313,-1,-1,-1
23,2,98.47,0.00,218.67,62.88,0.8668,-1,-1,-1
23,7,458.87,101.81,152.87,85.95,0.8775,-1,-1,-1
23,9,66.48,202.80,95.82,144.39,0.8916,-1,-1,-1
24,1,305.56,0.00,399.34,112.05,0.8178,-1,-1,-1
24,2,98.68,0.00,218.02,62.66,0.8646,-1,-1,-1
24,7,426.12,96.28,151.39,82.66,0.8833,-1,-1,-1
24,9,84.25,212.63,109.41,152.08,0.8786,-1,-1,-1
25,1,305.20,0.00,400.82,112.57,0.7552,-1,-1,-1
25,2,98.78,0.00,218.15,62.75,0.8388,-1,-1,-1
25,7,395.94,91.66,151.12,80.59,0.8839,-1,-1,-1
25,9,104.14,222.25,124.80,161.12,0.8676,-1,-1,-1
26,1,305.25,0.00,400.76,112.56,0.8109,-1,-1,-1
26,2,99.24,0.00,217.12,62.40,0.8547,-1,-1,-1
26,7,368.90,87.44,149.49,77.92,0.8571,-1,-1,-1
26,9,128.31,233.96,141.26,170.16,0.8539,-1,-1,-1
27,1,303.61,0.00,400.58,112.38,0.8624,-1,-1,-1
27,2,100.13,0.00,215.70,61.88,0.8622,-1,-1,-1
27,7,343.77,84.50,146.80,74.94,0.8677,-1,-1,-1
27,9,157.80,244.95,160.53,180.84,0.8896,-1,-1,-1
28,1,301.57,0.00,400.88,112.30,0.8803,-1,-1,-1
28,2,100.86,0.00,214.67,61.46,0.8521,-1,-1,-1
28,7,320.98,81.75,143.75,71.74,0.8558,-1,-1,-1
28,9,184.18,254.80,183.67,196.28,0.8200,-1,-1,-1
29,1,302.33,0.00,400.64,112.19,0.8867,-1,-1,-1
29,2,101.55,0.00,213.47,60.97,0.8472,-1,-1,-1
29,7,296.03,76.11,144.46,71.05,0.8291,-1,-1,-1
29,9,216.53,269.91,205.09,208.03,0.8152,-1,-1,-1
30,1,303.39,0.00,399.86,111.95,0.9003,-1,-1,-1
30,2,101.25,0.00,214.38,61.16,0.8561,-1,-1,-1
30,7,276.07,73.90,141.20,68.19,0.8267,-1,-1,-1
30,9,252.00,286.18,229.68,221.87,0.8086,-1,-1,-1
30,10,889.60,176.20,53.99,68.09,0.8094,-1,-1,-1
31,1,304.29,0.00,399.01,111.68,0.9015,-1,-1,-1
31,2,100.78,0.00,215.68,61.52,0.8597,-1,-1,-1
31,7,256.52,71.35,137.21,65.35,0.8369,-1,-1,-1
31,10,863.25,162.88,64.39,79.40,0.7836,-1,-1,-1
32,1,304.06,0.00,399.29,111.71,0.9040,-1,-1,-1
32,2,101.04,0.00,215.21,61.35,0.8615,-1,-1,-1
32,7,235.03,65.93,140.70,66.57,0.8100,-1,-1,-1
32,10,831.58,148.27,80.08,95.09,0.7675,-1,-1,-1
33,1,304.51,0.00,398.62,111.42,0.9078,-1,-1,-1
33,2,101.67,0.00,213.73,60.86,0.8530,-1,-1,-1
33,7,214.57,61.47,141.28,66.60,0.7776,-1,-1,-1
33,9,422.97,341.35,232.58,198.65,0.7646,-1,-1,-1
33,10,800.48,133.98,96.36,108.50,0.8009,-1,-1,-1
34,1,304.85,0.00,397.72,111.05,0.9066,-1,-1,-1
34,2,101.44,0.00,213.38,60.70,0.8596,-1,-1,-1
34,7,196.40,57.39,140.05,65.87,0.7992,-1,-1,-1
34,10,768.66,124.34,105.45,110.29,0.8761,-1,-1,-1
35,1,304.89,0.00,397.18,110.73,0.8947,-1,-1,-1
35,2,101.69,0.00,213.28,60.60,0.8762,-1,-1,-1
35,7,180.49,54.65,137.30,64.50,0.8503,-1,-1,-1
35,9,547.54,387.70,209.69,152.30,0.5707,-1,-1,-1
35,10,726.06,115.04,112.56,109.59,0.8878,-1,-1,-1
36,1,305.18,0.00,396.92,110.49,0.8920,-1,-1,-1
36,2,103.74,0.00,209.68,59.35,0.8448,-1,-1,-1
36,7,166.81,53.37,132.04,61.84,0.8303,-1,-1,-1
36,9,625.00,413.08,200.87,126.92,0.6848,-1,-1,-1
36,10,681.11,107.17,117.28,106.29,0.8775,-1,-1,-1
37,1,306.14,0.00,397.41,110.58,0.8875,-1,-1,-1
37,2,104.98,0.00,208.01,58.58,0.7918,-1,-1,-1
37,7,151.41,51.47,129.18,60.45,0.8409,-1,-1,-1
37,10,637.95,101.13,120.59,102.08,0.8712,-1,-1,-1
38,1,309.36,0.00,393.15,109.15,0.8754,-1,-1,-1
38,2,105.75,0.00,207.04,58.04,0.8004,-1,-1,-1
38,7,137.92,49.12,125.78,58.82,0.8208,-1,-1,-1
38,10,597.63,95.25,123.64,98.05,0.8617,-1,-1,-1
39,1,314.03,0.00,385.19,106.38,0.8141,-1,-1,-1
39,2,106.53,0.00,206.36,57.63,0.8061,-1,-1,-1
39,7,124.02,46.62,123.25,57.70,0.8265,-1,-1,-1
39,10,558.86,89.64,125.51,93.70,0.8583,-1,-1,-1
40,1,317.76,0.00,377.83,103.66,0.8322,-1,-1,-1
40,2,106.56,0.00,207.72,57.88,0.8311,-1,-1,-1
40,7,110.22,44.23,120.95,56.79,0.8275,-1,-1,-1
40,10,521.25,84.66,126.44,89.25,0.8809,-1,-1,-1
41,1,314.37,0.00,383.32,104.84,0.8005,-1,-1,-1
41,2,106.41,0.00,207.94,57.80,0.8078,-1,-1,-1
41,7,97.29,42.18,118.44,55.75,0.8363,-1,-1,-1
41,10,487.00,81.50,127.27,85.18,0.8646,-1,-1,-1
42,1,312.42,0.00,387.43,105.78,0.7920,-1,-1,-1
42,2,105.39,0.00,208.62,57.87,0.8296,-1,-1,-1
42,7,85.18,40.10,116.13,54.85,0.8553,-1,-1,-1
42,10,455.00,79.93,124.82,79.40,0.8638,-1,-1,-1
43,1,311.29,0.00,388.90,105.99,0.7035,-1,-1,-1
43,2,104.59,0.00,208.52,57.68,0.8260,-1,-1,-1
43,7,73.15,38.21,113.62,53.82,0.8441,-1,-1,-1
43,10,424.51,76.19,123.94,75.37,0.8406,-1,-1,-1
44,1,307.59,0.00,392.04,106.60,0.7286,-1,-1,-1
44,2,103.93,0.00,208.85,57.63,0.7928,-1,-1,-1
44,7,61.45,36.65,111.96,53.28,0.8392,-1,-1,-1
44,10,394.61,71.62,125.86,73.70,0.8080,-1,-1,-1
45,1,306.01,0.00,395.00,107.34,0.8321,-1,-1,-1
45,2,103.77,0.00,209.08,57.51,0.7866,-1,-1,-1
45,7,49.61,34.19,110.71,53.00,0.8494,-1,-1,-1
45,10,365.90,66.47,127.55,72.35,0.8585,-1,-1,-1
46,1,305.78,0.00,396.70,107.82,0.8130,-1,-1,-1
46,2,102.89,0.00,210.14,57.69,0.8063,-1,-1,-1
46,7,38.83,32.67,108.09,51.97,0.8386,-1,-1,-1
46,10,339.09,61.30,129.79,71.98,0.8704,-1,-1,-1
47,1,329.40,0.00,390.14,107.58,0.8093,-1,-1,-1
47,2,103.03,0.00,209.82,57.49,0.7958,-1,-1,-1
47,7,29.44,30.78,105.04,50.66,0.8459,-1,-1,-1
47,10,315.40,58.25,127.64,69.13,0.8301,-1,-1,-1
48,1,339.77,0.00,384.95,107.57,0.8229,-1,-1,-1
48,2,104.20,0.00,211.15,57.55,0.6520,-1,-1,-1
48,7,19.10,29.16,103.79,50.30,0.8524,-1,-1,-1
48,10,292.55,55.66,125.38,66.57,0.8426,-1,-1,-1
49,1,342.38,0.00,381.43,107.79,0.8285,-1,-1,-1
49,2,103.45,0.00,210.88,57.30,0.7810,-1,-1,-1
49,7,9.99,27.63,101.11,49.15,0.8583,-1,-1,-1
49,10,270.63,52.45,125.34,65.60,0.8085,-1,-1,-1
50,1,326.34,0.00,381.92,107.68,0.8459,-1,-1,-1
50,2,102.65,0.00,210.87,57.12,0.7784,-1,-1,-1
50,7,1.03,25.89,98.81,48.25,0.8452,-1,-1,-1
50,10,249.17,48.57,125.74,65.07,0.8451,-1,-1,-1
51,1,317.67,0.00,383.24,107.63,0.8592,-1,-1,-1
51,2,101.74,0.00,211.74,57.26,0.6857,-1,-1,-1
51,7,0.00,24.58,90.24,47.50,0.8665,-1,-1,-1
51,10,229.66,45.59,125.25,64.18,0.8532,-1,-1,-1
52,1,312.63,0.00,385.05,107.67,0.8419,-1,-1,-1
52,2,102.15,0.00,208.87,56.25,0.6357,-1,-1,-1
52,7,0.00,22.58,82.74,46.68,0.8569,-1,-1,-1
52,10,211.28,43.22,123.55,62.87,0.8399,-1,-1,-1
53,1,310.05,0.00,387.27,107.96,0.8491,-1,-1,-1
53,2,102.53,0.00,205.94,55.20,0.5497,-1,-1,-1
53,7,0.00,20.99,75.45,45.83,0.8578,-1,-1,-1
53,10,194.21,40.63,120.99,61.17,0.8514,-1,-1,-1
54,1,309.35,0.00,388.56,108.08,0.8715,-1,-1,-1
54,2,104.65,0.00,200.83,53.36,0.4385,-1,-1,-1
54,7,0.00,20.42,67.97,44.25,0.8375,-1,-1,-1
54,10,178.53,39.80,118.73,59.82,0.8660,-1,-1,-1
55,1,308.00,0.00,389.87,108.19,0.8935,-1,-1,-1
55,2,102.80,0.00,205.24,54.26,0.4064,-1,-1,-1
55,7,0.00,18.99,62.43,44.41,0.8358,-1,-1,-1
55,10,164.61,39.31,114.13,57.22,0.8554,-1,-1,-1
56,1,307.34,0.00,391.04,108.31,0.8999,-1,-1,-1
56,2,102.86,0.00,205.87,54.16,0.4469,-1,-1,-1
56,7,0.00,18.39,55.52,43.22,0.8109,-1,-1,-1
56,10,151.01,38.77,110.56,55.09,0.8564,-1,-1,-1
57,1,307.14,0.00,391.87,108.36,0.8995,-1,-1,-1
57,2,102.96,0.00,207.35,54.38,0.6096,-1,-1,-1
57,7,0.00,17.91,46.71,39.77,0.7857,-1,-1,-1
57,10,136.84,37.61,108.65,53.95,0.8477,-1,-1,-1
58,1,306.45,0.00,392.48,108.31,0.8958,-1,-1,-1
58,2,101.64,0.00,210.61,55.16,0.7500,-1,-1,-1
58,7,0.00,21.87,36.67,33.96,0.6746,-1,-1,-1
58,10,123.52,35.79,108.17,53.74,0.8306,-1,-1,-1
59,1,305.79,0.00,392.66,108.10,0.8880,-1,-1,-1
59,2,97.99,0.00,216.36,56.72,0.8295,-1,-1,-1
59,10,110.09,35.36,105.04,52.11,0.8126,-1,-1,-1
60,1,305.53,0.00,392.42,107.74,0.8849,-1,-1,-1
60,2,96.45,0.00,218.76,57.45,0.8466,-1,-1,-1
60,10,98.77,35.21,101.10,50.07,0.8575,-1,-1,-1
