1,1,119.03,332.04,137.74999999999997,63.76999999999998,1,1,1.0
1,2,204.07,242.75,102.88,53.56999999999999,1,1,1.0
1,3,727.01,264.86,84.18000000000006,44.21999999999997,1,1,1.0
2,1,96.93,337.14,137.75,63.77000000000004,1,1,1.0
2,2,204.4,243.01,102.89000000000001,53.56999999999999,1,1,1.0
2,3,713.4,266.56,84.18000000000006,44.21999999999997,1,1,1.0
3,1,67.17,337.14,148.77999999999997,67.16000000000003,1,1,1.0
3,2,204.74,243.26,102.88,53.56999999999999,1,1,1.0
3,3,701.5,266.56,84.17999999999995,47.639999999999986,1,1,1.0
4,1,42.51,335.44,153.84,78.25999999999999,1,1,1.0
4,2,205.07,243.51,102.88999999999999,53.56999999999999,1,1,1.0
4,3,687.89,267.41,83.36000000000001,48.48999999999995,1,1,1.0
5,1,20.4,340.54,153.84,78.25999999999999,1,1,1.0
5,2,205.41,243.76,102.88000000000002,53.56999999999999,1,1,1.0
5,3,675.14,269.96,83.35000000000002,48.49000000000001,1,1,1.0
6,1,0.84,346.49,153.85,78.25999999999999,1,1,1.0
6,2,205.74,244.01,102.88999999999999,53.56999999999999,1,1,1.0
6,3,663.23,271.66,83.36000000000001,48.48999999999995,1,1,1.0
7,1,0.0,348.19,129.18,78.25999999999999,1,1,1.0
7,2,206.79,245.06,102.89000000000001,53.56999999999999,1,1,1.0
7,3,647.93,272.51,83.35000000000002,48.49000000000001,1,1,1.0
8,1,0.0,351.59,105.4,80.01000000000005,1,1,1.0
8,2,207.84,246.11,102.88000000000002,53.56,1,1,1.0
8,3,630.92,276.77,91.88,48.48000000000002,1,1,1.0
9,1,0.0,353.29,85.84,80.00999999999999,1,1,1.0
9,2,206.58,245.34,102.89000000000001,53.57000000000002,1,1,1.0
9,3,615.62,278.47,91.87,48.48999999999995,1,1,1.0
10,1,0.0,356.7,60.33,80.0,1,1,1.0
10,2,205.32,244.57,102.88999999999999,53.56999999999999,1,1,1.0
10,3,600.31,277.62,91.8900000000001,56.129999999999995,1,1,1.0
11,1,0.0,358.4,36.52,80.0,1,1,1.0
11,2,204.07,243.8,102.88,53.56999999999999,1,1,1.0
11,3,586.71,280.17,91.88999999999999,56.129999999999995,1,1,1.0
12,2,205.43,244.53,102.88999999999999,53.57000000000002,1,1,1.0
12,3,569.7,281.02,94.39999999999998,56.98000000000002,1,1,1.0
13,2,206.79,245.27,102.89000000000001,53.569999999999965,1,1,1.0
13,3,556.09,282.72,94.39999999999998,56.97999999999996,1,1,1.0
14,2,207.84,245.27,102.88000000000002,53.569999999999965,1,1,1.0
14,3,542.49,282.72,94.39999999999998,56.97999999999996,1,1,1.0
15,2,208.88,245.27,102.88999999999999,53.569999999999965,1,1,1.0
15,3,527.18,286.12,94.40000000000009,56.98000000000002,1,1,1.0
16,2,205.74,245.48,102.88999999999999,53.57000000000002,1,1,1.0
16,3,507.63,292.07,97.82000000000005,57.829999999999984,1,1,1.0
17,2,205.43,245.69,102.88,53.56999999999999,1,1,1.0
17,3,486.35,296.32,104.63999999999999,57.829999999999984,1,1,1.0
18,2,205.11,245.9,102.88999999999999,53.57000000000002,1,1,1.0
18,3,468.49,298.02,104.64999999999998,57.83000000000004,1,1,1.0
19,2,204.9,245.9,102.89000000000001,53.57000000000002,1,1,1.0
19,3,454.04,300.58,104.63999999999993,57.81999999999999,1,1,1.0
20,2,204.69,245.9,102.88999999999999,53.57000000000002,1,1,1.0
20,3,438.73,303.13,104.64999999999998,57.81999999999999,1,1,1.0
21,2,204.59,246.0,102.89000000000001,53.56999999999999,1,1,1.0
21,3,420.88,306.53,104.63999999999999,57.82000000000005,1,1,1.0
22,2,204.48,246.11,102.89000000000001,53.56,1,1,1.0
22,3,403.87,307.38,104.63999999999999,57.81999999999999,1,1,1.0
23,2,204.06,246.21,102.88999999999999,53.569999999999965,1,1,1.0
23,3,386.86,310.78,104.64999999999998,57.83000000000004,1,1,1.0
24,2,203.65,246.32,102.87999999999997,53.56,1,1,1.0
24,3,361.35,311.63,118.29999999999995,65.47000000000003,1,1,1.0
25,2,203.72,246.39,102.88000000000002,53.56,1,1,1.0
25,3,343.5,315.03,118.29000000000002,65.47000000000003,1,1,1.0
26,2,203.79,246.45,102.88000000000002,53.56999999999999,1,1,1.0
26,3,323.94,319.28,118.30000000000001,65.47000000000003,1,1,1.0
27,2,203.86,246.52,102.88,53.569999999999965,1,1,1.0
27,3,306.93,322.68,118.30000000000001,65.46999999999997,1,1,1.0
28,2,205.01,246.42,102.88,53.57000000000002,1,1,1.0
28,3,282.27,325.23,128.53000000000003,68.87,1,1,1.0
29,2,206.16,246.32,102.89000000000001,53.56,1,1,1.0
29,3,258.47,329.48,131.02999999999997,69.76999999999998,1,1,1.0
30,2,204.69,246.32,102.88999999999999,53.56,1,1,1.0
30,3,238.06,332.04,136.94,71.45999999999998,1,1,1.0
31,2,204.43,246.32,102.88999999999999,53.56,1,1,1.0
31,3,214.25,335.44,137.75,73.16000000000003,1,1,1.0
32,2,204.17,246.32,102.89000000000001,53.56,1,1,1.0
32,3,190.44,338.84,145.36,76.56,1,1,1.0
33,2,203.91,246.32,102.88000000000002,53.56,1,1,1.0
33,3,166.63,342.24,147.07,79.15999999999997,1,1,1.0
34,2,203.65,246.32,102.87999999999997,53.56,1,1,1.0
34,3,141.97,346.49,154.73,80.00999999999999,1,1,1.0
35,2,204.06,246.32,102.88999999999999,53.56,1,1,1.0
35,3,119.87,349.89,150.43,80.00999999999999,1,1,1.0
36,2,204.48,246.32,102.89000000000001,53.56,1,1,1.0
36,3,94.36,354.14,153.83999999999997,82.56,1,1,1.0
37,2,204.48,246.42,102.89000000000001,53.57000000000002,1,1,1.0
37,3,68.0,359.25,161.5,85.14999999999998,1,1,1.0
38,2,204.48,246.53,102.89000000000001,53.559999999999974,1,1,1.0
38,3,36.54,366.05,167.46,87.75,1,1,1.0
39,2,204.46,246.53,102.89000000000001,53.559999999999974,1,1,1.0
39,3,11.88,367.75,167.46,87.75,1,1,1.0
40,2,204.45,246.53,102.88,53.559999999999974,1,1,1.0
40,3,0.0,373.7,155.53,87.75,1,1,1.0
41,2,204.43,246.53,102.88,53.559999999999974,1,1,1.0
41,3,0.0,375.4,132.6,92.90000000000003,1,1,1.0
42,2,204.41,246.53,102.88000000000002,53.559999999999974,1,1,1.0
42,3,0.0,376.25,109.64,92.89999999999998,1,1,1.0
43,2,204.39,246.53,102.88999999999999,53.559999999999974,1,1,1.0
43,3,0.0,383.9,89.23,92.90000000000003,1,1,1.0
44,2,204.37,246.53,102.88999999999999,53.559999999999974,1,1,1.0
44,3,0.0,389.01,58.62,92.90000000000003,1,1,1.0
45,2,204.35,246.53,102.89000000000001,53.559999999999974,1,1,1.0
45,3,0.0,390.71,31.41,92.90000000000003,1,1,1.0
46,2,204.33,246.53,102.89000000000001,53.559999999999974,1,1,1.0
47,2,204.31,246.53,102.88999999999999,53.559999999999974,1,1,1.0
48,2,204.29,246.53,102.89000000000001,53.559999999999974,1,1,1.0
49,2,204.27,246.53,102.89000000000001,53.559999999999974,1,1,1.0
50,2,204.27,246.64,102.89000000000001,53.56999999999999,1,1,1.0
51,2,204.27,246.76,102.89000000000001,53.56999999999999,1,1,1.0
51,4,945.54,228.3,14.450000000000045,68.01999999999998,1,1,1.0
52,2,204.27,246.87,102.89000000000001,53.56999999999999,1,1,1.0
52,4,940.87,228.3,19.120000000000005,68.01999999999998,1,1,1.0
53,2,204.27,246.99,102.89000000000001,53.56999999999999,1,1,1.0
53,4,936.2,228.3,23.789999999999964,68.01999999999998,1,1,1.0
54,2,204.27,247.11,102.89000000000001,53.56999999999999,1,1,1.0
54,4,930.2,225.75,28.089999999999918,68.01999999999998,1,1,1.0
55,2,204.27,247.22,102.89000000000001,53.57000000000002,1,1,1.0
55,4,925.9,225.75,34.10000000000002,68.01999999999998,1,1,1.0
55,5,935.39,234.51,12.029999999999973,29.53000000000003,1,1,1.0
56,2,204.27,247.34,102.89000000000001,53.57000000000002,1,1,1.0
56,4,921.6,226.6,38.39999999999998,68.02000000000001,1,1,1.0
56,5,929.9,234.74,13.899999999999977,29.529999999999973,1,1,1.0
57,2,204.27,247.46,102.89000000000001,53.569999999999965,1,1,1.0
57,4,913.9,226.6,46.10000000000002,68.02000000000001,1,1,1.0
57,5,926.27,235.64,13.899999999999977,29.53000000000003,1,1,1.0
58,2,204.27,247.57,102.89000000000001,53.56999999999999,1,1,1.0
58,4,907.1,226.6,52.89999999999998,68.02000000000001,1,1,1.0
58,5,921.04,236.78,13.900000000000091,29.53,1,1,1.0
59,2,204.27,247.69,102.89000000000001,53.56999999999999,1,1,1.0
59,4,906.25,224.9,52.89999999999998,73.99999999999997,1,1,1.0
59,5,914.0,239.28,13.899999999999977,29.53,1,1,1.0
60,2,204.27,247.8,102.89000000000001,53.56999999999999,1,1,1.0
60,4,898.6,224.9,60.549999999999955,76.6,1,1,1.0
60,5,908.32,238.83,13.899999999999977,29.52000000000001,1,1,1.0
61,2,204.27,247.92,102.89000000000001,53.57000000000002,1,1,1.0
61,4,894.75,224.9,64.39999999999998,76.6,1,1,1.0
61,5,904.23,240.19,13.899999999999977,29.53000000000003,1,1,1.0
62,2,204.27,248.04,102.89000000000001,53.57000000000002,1,1,1.0
62,4,890.9,224.9,68.25,76.6,1,1,1.0
62,5,897.87,240.42,13.899999999999977,29.52000000000001,1,1,1.0
63,2,204.27,248.15,102.89000000000001,53.57000000000002,1,1,1.0
63,4,884.9,224.9,74.25,82.6,1,1,1.0
63,5,891.51,240.87,13.899999999999977,29.529999999999973,1,1,1.0
64,2,204.27,248.27,102.89000000000001,53.569999999999965,1,1,1.0
64,4,877.2,224.9,81.94999999999993,82.6,1,1,1.0
64,5,884.01,242.23,13.899999999999977,29.53,1,1,1.0
65,2,204.27,248.39,102.89000000000001,53.56999999999999,1,1,1.0
65,4,874.6,224.9,84.54999999999995,82.6,1,1,1.0
65,5,878.34,242.69,14.120000000000005,34.25999999999999,1,1,1.0
66,2,204.27,248.5,102.89000000000001,53.56999999999999,1,1,1.0
66,4,869.5,224.9,89.64999999999998,87.70000000000002,1,1,1.0
66,5,872.43,242.69,14.120000000000005,34.25999999999999,1,1,1.0
67,2,204.27,248.62,102.89000000000001,53.56999999999999,1,1,1.0
67,4,858.4,224.9,100.75,87.70000000000002,1,1,1.0
67,5,864.93,244.28,14.120000000000005,34.26000000000002,1,1,1.0
68,2,204.27,248.66,102.89000000000001,53.57000000000002,1,1,1.0
68,4,856.7,224.9,102.44999999999993,87.70000000000002,1,1,1.0
68,5,859.71,245.64,14.120000000000005,34.27000000000004,1,1,1.0
69,2,204.27,248.71,102.89000000000001,53.569999999999965,1,1,1.0
69,4,847.3,224.9,111.85000000000002,89.4,1,1,1.0
69,5,853.35,247.0,14.120000000000005,34.26999999999998,1,1,1.0
70,2,204.27,248.75,102.89000000000001,53.56999999999999,1,1,1.0
70,4,837.1,224.9,122.04999999999995,93.70000000000002,1,1,1.0
70,5,845.62,247.68,17.779999999999973,34.26999999999998,1,1,1.0
71,2,204.27,248.8,102.89000000000001,53.56999999999999,1,1,1.0
71,4,834.5,224.9,124.64999999999998,93.70000000000002,1,1,1.0
71,5,839.04,248.14,17.769999999999982,34.27000000000004,1,1,1.0
72,2,204.27,248.84,102.89000000000001,53.57000000000002,1,1,1.0
72,4,827.7,224.9,131.44999999999993,93.70000000000002,1,1,1.0
72,5,830.2,248.59,22.299999999999955,34.27000000000001,1,1,1.0
73,2,204.27,248.89,102.89000000000001,53.56999999999999,1,1,1.0
73,4,818.08,228.36,141.91999999999996,93.69999999999999,1,1,1.0
73,5,822.23,249.73,17.769999999999982,34.27000000000001,1,1,1.0
74,2,204.27,248.93,102.89000000000001,53.56999999999999,1,1,1.0
74,4,815.25,227.68,144.75,95.82,1,1,1.0
74,5,814.73,249.5,20.269999999999982,36.80000000000001,1,1,1.0
75,2,204.27,248.98,102.89000000000001,53.57000000000002,1,1,1.0
75,4,803.8,227.45,153.6500000000001,97.94999999999999,1,1,1.0
75,5,805.42,250.64,22.280000000000086,36.80000000000001,1,1,1.0
76,2,204.27,249.02,102.89000000000001,53.569999999999965,1,1,1.0
76,4,794.4,227.45,163.05000000000007,100.55000000000001,1,1,1.0
76,5,797.01,252.23,23.889999999999986,36.79999999999998,1,1,1.0
77,2,204.27,249.07,102.89000000000001,53.56999999999999,1,1,1.0
77,4,789.3,227.45,168.1500000000001,100.55000000000001,1,1,1.0
77,5,790.88,252.91,23.889999999999986,36.79999999999998,1,1,1.0
78,2,204.27,249.11,102.89000000000001,53.56999999999999,1,1,1.0
78,4,781.6,227.45,175.85000000000002,100.55000000000001,1,1,1.0
78,5,778.62,255.41,26.379999999999995,36.79999999999998,1,1,1.0
79,2,204.27,249.16,102.89000000000001,53.57000000000002,1,1,1.0
79,4,772.85,228.1,185.25,105.65,1,1,1.0
79,5,768.39,255.41,28.909999999999968,36.79999999999998,1,1,1.0
79,6,948.1,233.8,11.899999999999977,38.27999999999997,1,1,1.0
80,2,204.27,249.2,102.89000000000001,53.56999999999999,1,1,1.0
80,4,761.15,230.0,195.45000000000005,105.64999999999998,1,1,1.0
80,5,757.04,255.86,28.90000000000009,36.80000000000001,1,1,1.0
80,6,944.2,233.8,15.799999999999955,38.27999999999997,1,1,1.0
81,2,204.27,249.25,102.89000000000001,53.56999999999999,1,1,1.0
81,4,760.18,230.33,186.95000000000005,105.65,1,1,1.0
81,5,748.63,256.32,28.909999999999968,36.79000000000002,1,1,1.0
81,6,936.41,234.45,15.800000000000068,38.28000000000003,1,1,1.0
82,2,204.23,249.26,102.89000000000001,53.56999999999999,1,1,1.0
82,4,756.05,232.55,186.95000000000005,105.64999999999998,1,1,1.0
82,5,738.41,258.13,34.360000000000014,36.80000000000001,1,1,1.0
82,6,932.41,235.91,15.800000000000068,38.28,1,1,1.0
83,2,204.18,249.28,102.88999999999999,53.57000000000002,1,1,1.0
83,4,748.4,234.25,186.95000000000005,105.64999999999998,1,1,1.0
83,5,727.73,259.04,34.370000000000005,36.799999999999955,1,1,1.0
83,6,925.75,236.78,15.799999999999955,38.28999999999999,1,1,1.0
84,2,204.14,249.29,102.88999999999999,53.57000000000002,1,1,1.0
84,4,732.24,235.95,196.26,105.65000000000003,1,1,1.0
84,5,717.06,258.81,37.74000000000001,36.80000000000001,1,1,1.0
84,6,920.31,237.09,17.090000000000032,40.91,1,1,1.0
85,2,204.1,249.31,102.88000000000002,53.56999999999999,1,1,1.0
85,4,719.5,236.8,203.04999999999995,105.64999999999998,1,1,1.0
85,5,703.48,259.5,46.10000000000002,36.79000000000002,1,1,1.0
85,6,880.0,239.46,50.120000000000005,40.03,1,1,1.0
86,2,204.05,249.32,102.88999999999999,53.56999999999999,1,1,1.0
86,4,714.4,235.1,203.05000000000007,113.29999999999998,1,1,1.0
86,5,695.07,259.95,46.09999999999991,36.80000000000001,1,1,1.0
86,6,871.2,240.03,52.44999999999993,39.16,1,1,1.0
87,2,204.01,249.34,102.88,53.57000000000002,1,1,1.0
87,4,703.34,236.8,208.15999999999997,113.30000000000001,1,1,1.0
87,5,682.8,260.63,46.10000000000002,36.80000000000001,1,1,1.0
87,6,859.2,240.29,58.620000000000005,38.28,1,1,1.0
88,2,203.96,249.35,102.89000000000001,53.57000000000002,1,1,1.0
88,4,695.69,238.5,208.15999999999997,113.30000000000001,1,1,1.0
88,5,671.9,262.0,46.10000000000002,36.79000000000002,1,1,1.0
88,6,851.74,240.61,58.620000000000005,38.27999999999997,1,1,1.0
89,2,203.92,249.37,102.88000000000002,53.56999999999999,1,1,1.0
89,4,688.04,238.5,208.16000000000008,113.30000000000001,1,1,1.0
89,5,661.45,262.22,47.64999999999998,36.799999999999955,1,1,1.0
89,6,845.9,241.26,58.620000000000005,38.28000000000003,1,1,1.0
90,2,203.87,249.38,102.88999999999999,53.56999999999999,1,1,1.0
90,4,678.69,239.35,212.40999999999997,113.29999999999998,1,1,1.0
90,5,649.64,262.45,50.360000000000014,36.80000000000001,1,1,1.0
90,6,840.71,242.23,58.620000000000005,38.28999999999999,1,1,1.0
91,2,203.83,249.4,102.87999999999997,53.57000000000002,1,1,1.0
91,4,669.33,242.8,213.26999999999998,114.94999999999999,1,1,1.0
91,5,637.83,262.68,67.87,38.81999999999999,1,1,1.0
91,6,833.25,242.88,59.23000000000002,39.89999999999998,1,1,1.0
92,2,203.78,249.41,102.89000000000001,53.57000000000002,1,1,1.0
92,4,652.33,247.05,221.66999999999996,114.09999999999997,1,1,1.0
92,5,625.11,263.36,67.87,38.81999999999999,1,1,1.0
92,6,827.41,243.21,59.23000000000002,39.890000000000015,1,1,1.0
93,2,203.74,249.43,102.88,53.56999999999999,1,1,1.0
93,4,647.22,247.05,221.67999999999995,117.55000000000001,1,1,1.0
93,5,612.39,264.27,76.71000000000004,38.81999999999999,1,1,1.0
93,6,818.65,243.53,59.23000000000002,39.890000000000015,1,1,1.0
94,2,203.69,249.44,102.88999999999999,53.56999999999999,1,1,1.0
94,4,633.62,247.05,228.42999999999995,117.55000000000001,1,1,1.0
94,5,599.89,264.27,76.72000000000003,38.81999999999999,1,1,1.0
94,6,808.92,243.53,59.22000000000003,39.890000000000015,1,1,1.0
95,2,203.65,249.46,102.87999999999997,53.569999999999965,1,1,1.0
95,4,624.27,244.5,229.23000000000002,126.89999999999998,1,1,1.0
95,5,587.63,264.27,83.07000000000005,39.73000000000002,1,1,1.0
95,6,801.46,244.18,59.219999999999914,39.889999999999986,1,1,1.0
96,2,203.66,249.47,102.88000000000002,53.57000000000002,1,1,1.0
96,4,607.26,246.2,240.24,126.90000000000003,1,1,1.0
96,5,572.18,264.95,91.22000000000003,40.150000000000034,1,1,1.0
96,6,794.32,244.83,59.229999999999905,39.890000000000015,1,1,1.0
97,2,203.66,249.48,102.89000000000001,53.57000000000002,1,1,1.0
97,4,597.05,245.35,246.1500000000001,134.54999999999998,1,1,1.0
97,5,559.01,266.76,91.22000000000003,40.160000000000025,1,1,1.0
97,6,787.18,243.86,59.23000000000002,39.889999999999986,1,1,1.0
98,2,203.67,249.49,102.89000000000001,53.56999999999999,1,1,1.0
98,4,579.2,247.9,252.89999999999998,131.99999999999997,1,1,1.0
98,5,549.24,266.76,94.36000000000001,40.160000000000025,1,1,1.0
98,6,777.12,243.86,59.23000000000002,39.889999999999986,1,1,1.0
99,2,203.68,249.51,102.88999999999999,53.56999999999999,1,1,1.0
99,4,564.74,249.6,262.26,135.4,1,1,1.0
99,5,538.79,266.76,94.36000000000001,40.160000000000025,1,1,1.0
99,6,770.31,245.8,59.23000000000002,39.889999999999986,1,1,1.0
100,2,203.69,249.52,102.88999999999999,53.569999999999965,1,1,1.0
100,4,553.69,251.3,262.26,135.39999999999998,1,1,1.0
100,5,522.43,266.99,101.67000000000007,40.81,1,1,1.0
100,6,752.5,246.78,67.63,39.890000000000015,1,1,1.0
101,2,203.7,249.53,102.88999999999999,53.57000000000002,1,1,1.0
101,4,543.48,252.15,262.26,135.4,1,1,1.0
101,5,505.85,266.99,108.25,42.20999999999998,1,1,1.0
101,6,737.58,248.72,67.63,39.890000000000015,1,1,1.0
102,2,203.71,249.55,102.87999999999997,53.56999999999999,1,1,1.0
102,4,533.28,252.15,268.22,138.79999999999998,1,1,1.0
102,5,493.81,266.99,108.24999999999994,42.20999999999998,1,1,1.0
102,6,725.6,248.72,79.61000000000001,39.890000000000015,1,1,1.0
103,2,203.71,249.56,102.89000000000001,53.56999999999999,1,1,1.0
103,4,521.38,257.25,268.22,138.8,1,1,1.0
103,5,482.23,267.45,108.25,42.19999999999999,1,1,1.0
103,6,709.38,249.7,79.61000000000001,39.889999999999986,1,1,1.0
103,7,950.83,222.97,9.169999999999959,49.91,1,1,1.0
104,2,203.72,249.57,102.89000000000001,53.56999999999999,1,1,1.0
104,4,505.22,258.95,279.28,142.25,1,1,1.0
104,5,468.83,269.26,108.25000000000006,42.210000000000036,1,1,1.0
104,6,700.3,250.02,79.60000000000002,39.890000000000015,1,1,1.0
104,7,947.89,221.99,12.110000000000014,49.90999999999997,1,1,1.0
105,2,203.73,249.58,102.89000000000001,53.569999999999965,1,1,1.0
105,4,490.76,260.65,279.28,142.25,1,1,1.0
105,5,454.75,268.81,108.24000000000001,42.20999999999998,1,1,1.0
105,6,690.56,250.34,79.61000000000001,39.900000000000006,1,1,1.0
105,7,944.94,221.01,15.059999999999945,49.910000000000025,1,1,1.0
106,2,203.74,249.6,102.88999999999999,53.57000000000002,1,1,1.0
106,4,472.9,258.1,291.20000000000005,148.2,1,1,1.0
106,5,438.05,269.21,108.24999999999994,42.210000000000036,1,1,1.0
106,6,673.7,251.64,87.05999999999995,39.889999999999986,1,1,1.0
106,7,941.6,211.2,18.399999999999977,63.09000000000003,1,1,1.0
107,2,203.75,249.61,102.88999999999999,53.56999999999999,1,1,1.0
107,4,455.04,260.7,302.21,149.90000000000003,1,1,1.0
107,5,425.84,271.25,108.25000000000006,42.20999999999998,1,1,1.0
107,6,662.0,251.32,91.63,39.889999999999986,1,1,1.0
107,7,936.0,211.2,24.0,63.09000000000003,1,1,1.0
108,2,203.76,249.62,102.88999999999999,53.56999999999999,1,1,1.0
108,4,438.04,263.2,308.16,153.35000000000002,1,1,1.0
108,5,410.78,272.07,116.82000000000005,42.19999999999999,1,1,1.0
108,6,647.73,252.61,91.62,39.89999999999998,1,1,1.0
108,7,931.5,211.2,28.5,63.09000000000003,1,1,1.0
109,2,203.77,249.64,102.87999999999997,53.56,1,1,1.0
109,4,423.58,265.8,320.02000000000004,158.39999999999998,1,1,1.0
109,5,394.5,272.88,124.10000000000002,43.420000000000016,1,1,1.0
109,6,635.4,252.94,96.49000000000001,39.889999999999986,1,1,1.0
109,7,926.5,211.2,33.5,63.09000000000003,1,1,1.0
110,2,203.77,249.65,102.89000000000001,53.57000000000002,1,1,1.0
110,4,407.97,266.6,325.06999999999994,162.75,1,1,1.0
110,5,379.43,272.88,120.46999999999997,43.420000000000016,1,1,1.0
110,6,614.3,254.07,109.22000000000003,39.889999999999986,1,1,1.0
110,7,921.2,211.2,38.799999999999955,63.09000000000003,1,1,1.0
111,2,203.78,249.66,102.89000000000001,53.57000000000002,1,1,1.0
111,4,392.97,265.8,325.0799999999999,162.7,1,1,1.0
111,5,364.78,273.69,120.46000000000004,43.420000000000016,1,1,1.0
111,6,601.91,254.44,109.23000000000002,39.889999999999986,1,1,1.0
111,7,916.2,211.2,43.799999999999955,63.09000000000003,1,1,1.0
112,2,203.79,249.67,102.89000000000001,53.57000000000002,1,1,1.0
112,4,369.16,270.0,340.34,165.3,1,1,1.0
112,5,351.34,274.51,120.47000000000003,43.420000000000016,1,1,1.0
112,6,587.65,255.57,109.22000000000003,39.889999999999986,1,1,1.0
112,7,910.9,211.2,49.10000000000002,63.09000000000003,1,1,1.0
113,2,203.8,249.69,102.88999999999999,53.56999999999999,1,1,1.0
113,4,353.01,268.3,346.28999999999996,172.09999999999997,1,1,1.0
113,5,337.09,275.73,120.47000000000003,43.41999999999996,1,1,1.0
113,6,575.26,255.19,109.23000000000002,39.889999999999986,1,1,1.0
113,7,910.62,211.2,49.10000000000002,63.09000000000003,1,1,1.0
114,2,203.81,249.7,102.88999999999999,53.56999999999999,1,1,1.0
114,4,332.6,273.4,355.6,173.0,1,1,1.0
114,5,324.88,276.54,120.47000000000003,43.41999999999996,1,1,1.0
114,6,560.62,255.19,109.23000000000002,39.889999999999986,1,1,1.0
114,7,903.3,211.2,56.42000000000007,64.80000000000001,1,1,1.0
115,2,203.82,249.71,102.88,53.569999999999965,1,1,1.0
115,4,317.29,272.6,355.59999999999997,177.2,1,1,1.0
115,5,308.19,276.95,120.47000000000003,43.420000000000016,1,1,1.0
115,6,547.48,255.57,109.23000000000002,39.889999999999986,1,1,1.0
115,7,898.0,211.2,61.72000000000003,64.80000000000001,1,1,1.0
116,2,203.83,249.73,102.87999999999997,53.56000000000003,1,1,1.0
116,4,296.03,276.0,368.37,177.2,1,1,1.0
116,5,294.35,278.17,120.46999999999997,43.41999999999996,1,1,1.0
116,6,537.72,255.94,109.23000000000002,39.889999999999986,1,1,1.0
116,7,894.36,211.2,65.63999999999999,64.80000000000001,1,1,1.0
117,2,203.83,249.74,102.89000000000001,53.56999999999999,1,1,1.0
117,4,279.03,276.85,375.97,183.14999999999998,1,1,1.0
117,5,278.88,280.61,120.47000000000003,43.41999999999996,1,1,1.0
117,6,523.46,256.32,109.23000000000002,39.889999999999986,1,1,1.0
117,7,888.47,211.76,71.52999999999997,64.80000000000001,1,1,1.0
118,2,203.84,249.75,102.89000000000001,53.56999999999999,1,1,1.0
118,4,253.52,278.55,385.28,189.14999999999998,1,1,1.0
118,5,265.85,281.02,120.46999999999997,43.420000000000016,1,1,1.0
118,6,503.19,257.8,112.20999999999998,39.90999999999997,1,1,1.0
118,7,882.3,211.48,77.70000000000005,66.52000000000001,1,1,1.0
119,2,203.85,249.76,102.89000000000001,53.56999999999999,1,1,1.0
119,4,233.11,279.4,398.89,190.0,1,1,1.0
119,5,249.98,281.43,120.46000000000001,45.06999999999999,1,1,1.0
119,6,490.8,258.17,112.20999999999998,39.91999999999996,1,1,1.0
119,7,877.81,211.48,82.19000000000005,66.22,1,1,1.0
120,2,203.86,249.78,102.88999999999999,53.57000000000002,1,1,1.0
120,4,216.11,284.5,401.39,193.39999999999998,1,1,1.0
120,5,233.69,282.65,120.47000000000003,45.07000000000005,1,1,1.0
120,6,476.92,258.55,112.24999999999994,39.90999999999997,1,1,1.0
120,7,871.64,213.44,84.75999999999999,67.06,1,1,1.0
121,2,203.87,249.79,102.88999999999999,53.57000000000002,1,1,1.0
121,4,188.04,284.5,413.26,202.8,1,1,1.0
121,5,214.15,283.46,126.54999999999998,45.08000000000004,1,1,1.0
121,6,462.65,261.6,112.25999999999999,41.73999999999995,1,1,1.0
121,7,868.56,213.72,84.7600000000001,67.05999999999997,1,1,1.0
122,2,203.88,249.8,102.88,53.56999999999999,1,1,1.0
122,4,165.94,288.75,427.66,202.8,1,1,1.0
122,5,199.09,285.09,126.54999999999998,45.07000000000005,1,1,1.0
122,6,448.01,261.98,113.38999999999999,41.74000000000001,1,1,1.0
122,7,864.07,214.56,84.75999999999999,67.06,1,1,1.0
123,2,203.89,249.81,102.88,53.56999999999999,1,1,1.0
123,4,137.88,292.16,442.91999999999996,208.73999999999995,1,1,1.0
123,5,181.18,285.09,126.55000000000001,48.710000000000036,1,1,1.0
123,6,430.75,262.35,116.04999999999995,45.44999999999999,1,1,1.0
123,7,857.3,214.28,86.75999999999999,67.05999999999997,1,1,1.0
124,2,203.89,249.83,102.88999999999999,53.569999999999965,1,1,1.0
124,4,113.22,291.3,453.0799999999999,217.3,1,1,1.0
124,5,164.83,285.09,126.54999999999998,50.31,1,1,1.0
124,6,418.74,261.98,116.04999999999995,45.44999999999999,1,1,1.0
124,7,851.97,215.41,86.75999999999999,67.04999999999998,1,1,1.0
125,2,203.9,249.84,102.89000000000001,53.57000000000002,1,1,1.0
125,4,88.56,294.7,464.14000000000004,219.00000000000006,1,1,1.0
125,5,148.49,287.43,126.53999999999996,50.30000000000001,1,1,1.0
125,6,402.6,263.48,120.89999999999998,49.620000000000005,1,1,1.0
125,7,847.77,215.69,86.75999999999999,67.05000000000001,1,1,1.0
126,2,203.91,249.85,102.89000000000001,53.57000000000002,1,1,1.0
126,4,58.8,295.5,478.59999999999997,225.85000000000002,1,1,1.0
126,5,126.69,287.43,136.61,50.30000000000001,1,1,1.0
126,6,388.71,262.35,120.90000000000003,49.620000000000005,1,1,1.0
126,7,837.4,216.81,92.08000000000004,67.05000000000001,1,1,1.0
127,2,203.92,249.87,102.89000000000001,53.56999999999999,1,1,1.0
127,4,34.7,306.76,492.21,225.85000000000002,1,1,1.0
127,5,111.13,288.98,136.6,50.31,1,1,1.0
127,6,375.64,264.36,120.91000000000003,49.620000000000005,1,1,1.0
127,7,832.92,217.09,92.08000000000004,67.04999999999998,1,1,1.0
128,2,203.93,249.88,102.88999999999999,53.56999999999999,1,1,1.0
128,4,9.48,301.45,504.97,231.8,1,1,1.0
128,5,91.67,290.54,136.61,54.95999999999998,1,1,1.0
128,6,357.05,264.36,125.44999999999999,52.639999999999986,1,1,1.0
128,7,828.15,216.81,92.08000000000004,67.05000000000001,1,1,1.0
129,2,203.94,249.89,102.88,53.56999999999999,1,1,1.0
129,4,0.0,305.71,494.0,234.29000000000002,1,1,1.0
129,5,75.32,290.54,136.61,54.95999999999998,1,1,1.0
129,6,341.98,264.86,127.91999999999996,52.639999999999986,1,1,1.0
129,7,821.14,218.21,93.48000000000002,67.05999999999997,1,1,1.0
130,2,203.95,249.9,102.88,53.57000000000002,1,1,1.0
130,4,0.0,303.15,479.54,234.30000000000007,1,1,1.0
130,5,55.87,292.88,142.82999999999998,54.94999999999999,1,1,1.0
130,6,329.41,263.9,127.92999999999995,58.129999999999995,1,1,1.0
130,7,815.81,218.77,93.48000000000002,67.05999999999997,1,1,1.0
131,2,203.95,249.92,102.88999999999999,53.57000000000002,1,1,1.0
131,4,0.0,308.26,464.24,231.74,1,1,1.0
131,5,37.18,295.21,142.84,54.960000000000036,1,1,1.0
131,6,314.34,265.91,127.92000000000002,58.129999999999995,1,1,1.0
131,7,808.0,219.05,95.39999999999998,67.05000000000001,1,1,1.0
132,2,203.96,249.93,102.89000000000001,53.56999999999999,1,1,1.0
132,4,0.0,312.51,449.78,227.49,1,1,1.0
132,5,19.28,297.54,142.84,54.95999999999998,1,1,1.0
132,6,300.27,266.92,127.92000000000002,58.120000000000005,1,1,1.0
132,7,802.95,219.33,95.40999999999997,67.04999999999998,1,1,1.0
133,2,203.97,249.94,102.89000000000001,53.56999999999999,1,1,1.0
133,4,0.0,316.76,429.38,223.24,1,1,1.0
133,5,0.6,297.54,142.84,54.95999999999998,1,1,1.0
133,6,281.17,268.92,131.41999999999996,58.129999999999995,1,1,1.0
133,7,795.1,219.61,97.64999999999998,67.05000000000001,1,1,1.0
134,2,203.98,249.96,102.89000000000001,53.569999999999965,1,1,1.0
134,4,0.0,322.71,412.37,217.29000000000002,1,1,1.0
134,5,0.0,297.54,124.76,61.15999999999997,1,1,1.0
134,6,266.1,268.42,131.40999999999997,58.129999999999995,1,1,1.0
134,7,789.21,219.89,97.64999999999998,69.55000000000001,1,1,1.0
134,8,679.62,524.03,97.28999999999996,15.970000000000027,1,1,1.0
135,2,203.99,249.97,102.88999999999999,53.57000000000002,1,1,1.0
135,4,0.0,322.71,395.36,217.29000000000002,1,1,1.0
135,5,0.0,299.88,108.41,61.14999999999998,1,1,1.0
135,6,247.01,270.94,135.47000000000003,58.120000000000005,1,1,1.0
135,7,783.04,220.46,97.65000000000009,69.53999999999999,1,1,1.0
135,8,679.62,514.9,119.48000000000002,25.100000000000023,1,1,1.0
136,2,204.0,249.98,102.88,53.57000000000002,1,1,1.0
136,4,0.0,325.26,384.31,214.74,1,1,1.0
136,5,0.0,299.88,90.51,61.14999999999998,1,1,1.0
136,6,233.94,270.94,135.48000000000002,58.120000000000005,1,1,1.0
136,7,777.72,220.46,97.63999999999999,69.53999999999999,1,1,1.0
136,8,679.62,511.0,142.08000000000004,29.0,1,1,1.0
137,2,204.01,249.99,102.88,53.56999999999999,1,1,1.0
137,4,0.0,329.51,365.6,210.49,1,1,1.0
137,5,0.0,302.99,69.49,61.15999999999997,1,1,1.0
137,6,215.85,271.94,135.48,58.129999999999995,1,1,1.0
137,7,769.02,221.02,97.64999999999998,69.53999999999999,1,1,1.0
137,8,694.8,504.9,149.0,35.10000000000002,1,1,1.0
138,2,204.01,250.01,102.88999999999999,53.56999999999999,1,1,1.0
138,4,0.0,332.92,344.35,207.07999999999998,1,1,1.0
138,5,0.0,305.33,51.59,61.150000000000034,1,1,1.0
138,6,201.28,273.45,135.47,58.120000000000005,1,1,1.0
138,7,761.7,221.02,99.63999999999999,71.17999999999998,1,1,1.0
138,8,697.0,494.9,155.5,45.10000000000002,1,1,1.0
139,2,204.02,250.02,102.89000000000001,53.569999999999965,1,1,1.0
139,4,0.0,335.47,326.49,204.52999999999997,1,1,1.0
139,5,0.0,308.44,33.69,61.160000000000025,1,1,1.0
139,6,182.18,274.96,138.01999999999998,58.120000000000005,1,1,1.0
139,7,754.92,222.71,99.63999999999999,71.18999999999997,1,1,1.0
139,8,702.64,487.1,172.88,52.89999999999998,1,1,1.0
140,2,204.03,250.03,102.89000000000001,53.57000000000002,1,1,1.0
140,4,0.0,337.17,305.23,202.82999999999998,1,1,1.0
140,5,0.0,312.33,15.79,43.27000000000004,1,1,1.0
140,6,169.12,276.46,138.01,58.129999999999995,1,1,1.0
140,7,747.89,222.96,99.63999999999999,71.17999999999998,1,1,1.0
140,8,705.68,485.4,177.22000000000003,54.60000000000002,1,1,1.0
141,2,204.04,250.05,102.89000000000001,53.56999999999999,1,1,1.0
141,4,0.0,341.42,284.82,198.57999999999998,1,1,1.0
141,6,151.03,278.98,138.01000000000002,58.120000000000005,1,1,1.0
141,7,740.62,222.71,102.58000000000004,71.18999999999997,1,1,1.0
141,8,715.7,477.6,171.89999999999998,62.39999999999998,1,1,1.0
142,2,204.05,250.06,102.88999999999999,53.56999999999999,1,1,1.0
142,4,0.0,347.37,258.46,192.63,1,1,1.0
142,6,129.4,278.98,143.05999999999997,62.120000000000005,1,1,1.0
142,7,733.11,222.71,102.58000000000004,71.18999999999997,1,1,1.0
142,8,734.4,468.5,153.20000000000005,71.5,1,1,1.0
143,2,204.06,250.07,102.88,53.56999999999999,1,1,1.0
143,4,0.0,353.32,240.61,186.68,1,1,1.0
143,6,113.32,278.98,143.06,62.120000000000005,1,1,1.0
143,7,724.87,223.2,102.58000000000004,71.18,1,1,1.0
143,8,746.1,465.0,155.0,75.0,1,1,1.0
144,2,204.07,250.08,102.88,53.569999999999965,1,1,1.0
144,4,0.0,353.32,221.9,186.68,1,1,1.0
144,6,96.74,279.98,143.06,62.129999999999995,1,1,1.0
144,7,713.23,225.38,109.35000000000002,71.18,1,1,1.0
144,8,757.4,462.0,151.10000000000002,78.0,1,1,1.0
145,2,204.06,250.12,102.88999999999999,53.56999999999999,1,1,1.0
145,4,0.0,355.87,202.34,184.13,1,1,1.0
145,6,80.16,281.49,143.05,64.61000000000001,1,1,1.0
145,7,705.73,224.25,109.35000000000002,71.19,1,1,1.0
145,8,765.7,460.3,152.39999999999998,79.69999999999999,1,1,1.0
146,2,204.05,250.15,102.88999999999999,53.57000000000002,1,1,1.0
146,4,2.55,361.83,170.88,178.17000000000002,1,1,1.0
146,6,58.55,283.0,151.55,66.11000000000001,1,1,1.0
146,7,698.59,228.76,109.35000000000002,71.18,1,1,1.0
146,8,780.9,453.3,136.30000000000007,86.69999999999999,1,1,1.0
147,2,204.05,250.18,102.88,53.56999999999999,1,1,1.0
147,4,0.0,366.93,146.22,173.07,1,1,1.0
147,6,41.96,284.0,151.56,66.12,1,1,1.0
147,7,692.21,226.5,109.34999999999991,71.19,1,1,1.0
147,8,788.7,446.8,137.5999999999999,93.19999999999999,1,1,1.0
148,2,204.04,250.21,102.89000000000001,53.569999999999965,1,1,1.0
148,4,0.0,370.33,120.71,169.67000000000002,1,1,1.0
148,6,23.37,283.0,155.03,68.60000000000002,1,1,1.0
148,7,683.96,226.88,109.34999999999991,71.18,1,1,1.0
148,8,795.2,444.7,136.69999999999993,95.30000000000001,1,1,1.0
149,2,204.03,250.25,102.89000000000001,53.56999999999999,1,1,1.0
149,4,0.0,379.68,90.95,160.32,1,1,1.0
149,6,6.29,287.02,155.03,68.60000000000002,1,1,1.0
149,7,673.82,226.5,115.77999999999997,73.39999999999998,1,1,1.0
149,8,804.32,442.09,136.69999999999993,95.30000000000001,1,1,1.0
150,2,204.03,250.28,102.88000000000002,53.57000000000002,1,1,1.0
150,4,0.0,382.23,71.39,157.76999999999998,1,1,1.0
150,6,0.0,287.02,143.23,68.60000000000002,1,1,1.0
150,7,664.06,226.5,115.78000000000009,73.39999999999998,1,1,1.0
150,8,813.0,436.45,136.70000000000005,95.30000000000001,1,1,1.0
151,2,204.02,250.31,102.89000000000001,53.56999999999999,1,1,1.0
151,4,0.0,385.63,33.1,154.37,1,1,1.0
151,6,0.0,288.02,126.14,68.61000000000001,1,1,1.0
151,7,656.18,226.88,115.78000000000009,73.39999999999998,1,1,1.0
151,8,816.91,433.41,136.70000000000005,95.30000000000001,1,1,1.0
152,2,204.01,250.35,102.88999999999999,53.57000000000002,1,1,1.0
152,6,0.0,285.49,105.54,75.65999999999997,1,1,1.0
152,7,637.51,226.75,126.85000000000002,77.94,1,1,1.0
152,8,822.13,429.5,136.70000000000005,95.29999999999995,1,1,1.0
153,2,204.01,250.38,102.88,53.56999999999999,1,1,1.0
153,6,0.0,285.99,92.98,75.65999999999997,1,1,1.0
153,7,638.01,226.75,126.86000000000001,77.94,1,1,1.0
153,8,832.55,424.72,127.45000000000005,95.29999999999995,1,1,1.0
154,2,204.0,250.41,102.88999999999999,53.57000000000002,1,1,1.0
154,6,0.0,287.5,82.42,75.66000000000003,1,1,1.0
154,7,623.94,226.75,126.8599999999999,77.94,1,1,1.0
154,8,844.71,420.38,115.28999999999996,95.29999999999995,1,1,1.0
155,2,203.99,250.44,102.88999999999999,53.56999999999999,1,1,1.0
155,6,0.0,289.0,59.31,75.67000000000002,1,1,1.0
155,7,615.4,226.75,126.86000000000001,77.94,1,1,1.0
155,8,854.7,413.43,105.29999999999995,95.30000000000001,1,1,1.0
156,2,203.99,250.48,102.88,53.57000000000002,1,1,1.0
156,6,0.0,289.0,41.22,75.67000000000002,1,1,1.0
156,7,604.85,228.25,126.85000000000002,77.94999999999999,1,1,1.0
156,8,861.65,408.65,98.35000000000002,95.30000000000001,1,1,1.0
157,2,203.98,250.51,102.89000000000001,53.56999999999999,1,1,1.0
157,6,0.0,289.51,20.61,75.66000000000003,1,1,1.0
157,7,597.31,227.75,126.86000000000001,77.94999999999999,1,1,1.0
157,8,868.16,403.88,91.84000000000003,95.29000000000002,1,1,1.0
158,2,203.97,250.54,102.89000000000001,53.57000000000002,1,1,1.0
158,7,588.26,230.26,126.86000000000001,77.94999999999999,1,1,1.0
158,8,876.43,402.99,83.57000000000005,92.27999999999997,1,1,1.0
159,2,203.97,250.57,102.88000000000002,53.56999999999999,1,1,1.0
159,7,579.22,228.25,126.86000000000001,77.94999999999999,1,1,1.0
159,8,882.52,397.35,77.48000000000002,92.26999999999998,1,1,1.0
160,2,203.96,250.61,102.89000000000001,53.56999999999999,1,1,1.0
160,7,564.65,227.75,126.85000000000002,77.94999999999999,1,1,1.0
160,8,887.73,393.0,72.26999999999998,92.27999999999997,1,1,1.0
161,2,203.95,250.64,102.88999999999999,53.56999999999999,1,1,1.0
161,7,560.62,231.27,126.86000000000001,77.93999999999997,1,1,1.0
161,8,892.5,389.96,67.5,92.28000000000003,1,1,1.0
162,2,203.95,250.67,102.88,53.57000000000002,1,1,1.0
162,7,543.51,232.28,133.41999999999996,77.94000000000003,1,1,1.0
162,8,903.8,385.62,56.200000000000045,92.27999999999997,1,1,1.0
163,2,203.94,250.71,102.88999999999999,53.569999999999965,1,1,1.0
163,7,537.48,232.28,133.41999999999996,77.94000000000003,1,1,1.0
163,8,909.01,382.15,50.99000000000001,92.27000000000004,1,1,1.0
164,2,203.93,250.74,102.88999999999999,53.56999999999999,1,1,1.0
164,7,523.41,232.78,133.42000000000007,77.94000000000003,1,1,1.0
164,8,916.82,376.94,43.17999999999995,92.26999999999998,1,1,1.0
165,2,203.93,250.77,102.88999999999999,53.569999999999965,1,1,1.0
165,7,513.86,231.77,133.41999999999996,77.95000000000002,1,1,1.0
165,8,923.77,373.9,36.23000000000002,92.27000000000004,1,1,1.0
166,2,203.92,250.8,102.89000000000001,53.56999999999999,1,1,1.0
166,7,504.31,233.8,133.42000000000002,78.93,1,1,1.0
166,8,927.68,373.46,32.32000000000005,92.28000000000003,1,1,1.0
167,2,203.91,250.84,102.89000000000001,53.57000000000002,1,1,1.0
167,7,490.75,233.8,136.45000000000005,78.93,1,1,1.0
167,8,928.98,373.9,31.019999999999982,92.27000000000004,1,1,1.0
168,2,203.91,250.87,102.89000000000001,53.56999999999999,1,1,1.0
168,7,472.7,232.8,144.45,81.88999999999999,1,1,1.0
168,8,933.33,369.55,26.66999999999996,92.27999999999997,1,1,1.0
169,2,203.9,250.9,102.89000000000001,53.57000000000002,1,1,1.0
169,7,466.67,233.3,144.45,81.89999999999998,1,1,1.0
169,8,937.24,373.5,22.75999999999999,75.30000000000001,1,1,1.0
170,2,203.89,250.93,102.88999999999999,53.56999999999999,1,1,1.0
170,7,452.1,235.31,144.44999999999993,81.89999999999998,1,1,1.0
170,8,948.09,381.7,11.909999999999968,61.44999999999999,1,1,1.0
171,2,203.89,250.97,102.88999999999999,53.57000000000002,1,1,1.0
171,7,442.05,236.82,144.45,81.88999999999999,1,1,1.0
171,8,950.26,383.5,9.740000000000009,60.10000000000002,1,1,1.0
172,2,203.88,251.0,102.88999999999999,53.56999999999999,1,1,1.0
172,7,432.5,237.32,144.45000000000005,81.90000000000003,1,1,1.0
173,2,203.88,251.03,102.88,53.57000000000002,1,1,1.0
173,7,420.44,236.82,144.45,81.88999999999999,1,1,1.0
174,2,203.87,251.07,102.88999999999999,53.56,1,1,1.0
174,7,409.89,237.32,144.45000000000005,81.90000000000003,1,1,1.0
175,2,203.86,251.1,102.88999999999999,53.57000000000002,1,1,1.0
175,7,396.8,237.83,152.00999999999993,81.89000000000001,1,1,1.0
176,2,203.86,251.13,102.88,53.56999999999999,1,1,1.0
176,7,381.72,235.31,152.01,86.88999999999999,1,1,1.0
177,2,203.89,251.15,102.88,53.57000000000002,1,1,1.0
177,7,373.68,235.31,152.01000000000005,86.88999999999999,1,1,1.0
178,2,203.92,251.16,102.88000000000002,53.57000000000002,1,1,1.0
178,7,360.12,234.31,152.01,86.88999999999999,1,1,1.0
179,2,203.95,251.18,102.88,53.56999999999999,1,1,1.0
179,7,351.57,235.31,152.01,86.88999999999999,1,1,1.0
180,2,203.98,251.19,102.88000000000002,53.56999999999999,1,1,1.0
180,7,337.5,234.81,152.01,89.88999999999999,1,1,1.0
181,2,204.01,251.21,102.88,53.569999999999965,1,1,1.0
181,7,328.46,235.31,152.01000000000005,89.88999999999999,1,1,1.0
182,2,204.04,251.22,102.88000000000002,53.57000000000002,1,1,1.0
182,7,315.9,233.3,152.01000000000005,92.39999999999998,1,1,1.0
183,2,204.06,251.24,102.88999999999999,53.56,1,1,1.0
183,7,305.85,236.32,152.01,92.38999999999999,1,1,1.0
184,2,204.09,251.25,102.89000000000001,53.56999999999999,1,1,1.0
184,7,295.3,235.81,152.01,92.39999999999998,1,1,1.0
185,2,204.12,251.27,102.88999999999999,53.559999999999974,1,1,1.0
185,7,286.75,236.32,152.01,92.38999999999999,1,1,1.0
186,2,204.15,251.28,102.89000000000001,53.57000000000002,1,1,1.0
186,7,274.19,236.82,152.01,92.40000000000003,1,1,1.0
187,2,204.18,251.3,102.88999999999999,53.56,1,1,1.0
187,7,261.13,239.33,152.01,92.4,1,1,1.0
188,2,204.21,251.31,102.89000000000001,53.56999999999999,1,1,1.0
188,7,248.56,240.84,152.01,92.4,1,1,1.0
189,2,204.24,251.32,102.88999999999999,53.56999999999999,1,1,1.0
189,7,236.0,240.34,156.02999999999997,93.35999999999999,1,1,1.0
190,2,204.27,251.34,102.89000000000001,53.57000000000002,1,1,1.0
190,7,222.43,239.83,156.02999999999997,93.36999999999998,1,1,1.0
