1,1,119.03,332.04,137.75,63.77,1.0000,-1,-1,-1
1,2,204.07,242.75,102.88,53.57,1.0000,-1,-1,-1
1,3,727.01,264.86,84.18,44.22,1.0000,-1,-1,-1
2,1,96.93,337.14,137.75,63.77,1.0000,-1,-1,-1
2,2,204.40,243.01,102.89,53.57,1.0000,-1,-1,-1
2,3,713.40,266.56,84.18,44.22,1.0000,-1,-1,-1
3,1,67.17,337.14,148.78,67.16,1.0000,-1,-1,-1
3,2,204.74,243.26,102.88,53.57,1.0000,-1,-1,-1
3,3,701.50,266.56,84.18,47.64,1.0000,-1,-1,-1
4,1,42.51,335.44,153.84,78.26,1.0000,-1,-1,-1
4,2,205.07,243.51,102.89,53.57,1.0000,-1,-1,-1
4,3,687.89,267.41,83.36,48.49,1.0000,-1,-1,-1
5,1,20.40,340.54,153.84,78.26,1.0000,-1,-1,-1
5,2,205.41,243.76,102.88,53.57,1.0000,-1,-1,-1
5,3,675.14,269.96,83.35,48.49,1.0000,-1,-1,-1
6,1,0.84,346.49,153.85,78.26,1.0000,-1,-1,-1
6,2,205.74,244.01,102.89,53.57,1.0000,-1,-1,-1
6,3,663.23,271.66,83.36,48.49,1.0000,-1,-1,-1
7,1,0.00,348.19,129.18,78.26,1.0000,-1,-1,-1
7,2,206.79,245.06,102.89,53.57,1.0000,-1,-1,-1
7,3,647.93,272.51,83.35,48.49,1.0000,-1,-1,-1
8,1,0.00,351.59,105.40,80.01,1.0000,-1,-1,-1
8,2,207.84,246.11,102.88,53.56,1.0000,-1,-1,-1
8,3,630.92,276.77,91.88,48.48,1.0000,-1,-1,-1
9,1,0.00,353.29,85.84,80.01,1.0000,-1,-1,-1
9,2,206.58,245.34,102.89,53.57,1.0000,-1,-1,-1
9,3,615.62,278.47,91.87,48.49,1.0000,-1,-1,-1
10,1,0.00,356.70,60.33,80.00,1.0000,-1,-1,-1
10,2,205.32,244.57,102.89,53.57,1.0000,-1,-1,-1
10,3,600.31,277.62,91.89,56.13,1.0000,-1,-1,-1
11,1,0.00,358.40,36.52,80.00,1.0000,-1,-1,-1
11,2,204.07,243.80,102.88,53.57,1.0000,-1,-1,-1
11,3,586.71,280.17,91.89,56.13,1.0000,-1,-1,-1
12,2,205.43,244.53,102.89,53.57,1.0000,-1,-1,-1
12,3,569.70,281.02,94.40,56.98,1.0000,-1,-1,-1
13,2,206.79,245.27,102.89,53.57,1.0000,-1,-1,-1
13,3,556.09,282.72,94.40,56.98,1.0000,-1,-1,-1
14,2,207.84,245.27,102.88,53.57,1.0000,-1,-1,-1
14,3,542.49,282.72,94.40,56.98,1.0000,-1,-1,-1
15,2,208.88,245.27,102.89,53.57,1.0000,-1,-1,-1
15,3,527.18,286.12,94.40,56.98,1.0000,-1,-1,-1
16,2,205.74,245.48,102.89,53.57,1.0000,-1,-1,-1
16,3,507.63,292.07,97.82,57.83,1.0000,-1,-1,-1
17,2,205.43,245.69,102.88,53.57,1.0000,-1,-1,-1
17,3,486.35,296.32,104.64,57.83,1.0000,-1,-1,-1
18,2,205.11,245.90,102.89,53.57,1.0000,-1,-1,-1
18,3,468.49,298.02,104.65,57.83,1.0000,-1,-1,-1
19,2,204.90,245.90,102.89,53.57,1.0000,-1,-1,-1
19,3,454.04,300.58,104.64,57.82,1.0000,-1,-1,-1
20,2,204.69,245.90,102.89,53.57,1.0000,-1,-1,-1
20,3,438.73,303.13,104.65,57.82,1.0000,-1,-1,-1
21,2,204.59,246.00,102.89,53.57,1.0000,-1,-1,-1
21,3,420.88,306.53,104.64,57.82,1.0000,-1,-1,-1
22,2,204.48,246.11,102.89,53.56,1.0000,-1,-1,-1
22,3,403.87,307.38,104.64,57.82,1.0000,-1,-1,-1
23,2,204.06,246.21,102.89,53.57,1.0000,-1,-1,-1
23,3,386.86,310.78,104.65,57.83,1.0000,-1,-1,-1
24,2,203.65,246.32,102.88,53.56,1.0000,-1,-1,-1
24,3,361.35,311.63,118.30,65.47,1.0000,-1,-1,-1
25,2,203.72,246.39,102.88,53.56,1.0000,-1,-1,-1
25,3,343.50,315.03,118.29,65.47,1.0000,-1,-1,-1
26,2,203.79,246.45,102.88,53.57,1.0000,-1,-1,-1
26,3,323.94,319.28,118.30,65.47,1.0000,-1,-1,-1
27,2,203.86,246.52,102.88,53.57,1.0000,-1,-1,-1
27,3,306.93,322.68,118.30,65.47,1.0000,-1,-1,-1
28,2,205.01,246.42,102.88,53.57,1.0000,-1,-1,-1
28,3,282.27,325.23,128.53,68.87,1.0000,-1,-1,-1
29,2,206.16,246.32,102.89,53.56,1.0000,-1,-1,-1
29,3,258.47,329.48,131.03,69.77,1.0000,-1,-1,-1
30,2,204.69,246.32,102.89,53.56,1.0000,-1,-1,-1
30,3,238.06,332.04,136.94,71.46,1.0000,-1,-1,-1
31,2,204.43,246.32,102.89,53.56,1.0000,-1,-1,-1
31,3,214.25,335.44,137.75,73.16,1.0000,-1,-1,-1
32,2,204.17,246.32,102.89,53.56,1.0000,-1,-1,-1
32,3,190.44,338.84,145.36,76.56,1.0000,-1,-1,-1
33,2,203.91,246.32,102.88,53.56,1.0000,-1,-1,-1
33,3,166.63,342.24,147.07,79.16,1.0000,-1,-1,-1
34,2,203.65,246.32,102.88,53.56,1.0000,-1,-1,-1
34,3,141.97,346.49,154.73,80.01,1.0000,-1,-1,-1
35,2,204.06,246.32,102.89,53.56,1.0000,-1,-1,-1
35,3,119.87,349.89,150.43,80.01,1.0000,-1,-1,-1
36,2,204.48,246.32,102.89,53.56,1.0000,-1,-1,-1
36,3,94.36,354.14,153.84,82.56,1.0000,-1,-1,-1
37,2,204.48,246.42,102.89,53.57,1.0000,-1,-1,-1
37,3,68.00,359.25,161.50,85.15,1.0000,-1,-1,-1
38,2,204.48,246.53,102.89,53.56,1.0000,-1,-1,-1
38,3,36.54,366.05,167.46,87.75,1.0000,-1,-1,-1
39,2,204.46,246.53,102.89,53.56,1.0000,-1,-1,-1
39,3,11.88,367.75,167.46,87.75,1.0000,-1,-1,-1
40,2,204.45,246.53,102.88,53.56,1.0000,-1,-1,-1
40,3,0.00,373.70,155.53,87.75,1.0000,-1,-1,-1
41,2,204.43,246.53,102.88,53.56,1.0000,-1,-1,-1
41,3,0.00,375.40,132.60,92.90,1.0000,-1,-1,-1
42,2,204.41,246.53,102.88,53.56,1.0000,-1,-1,-1
42,3,0.00,376.25,109.64,92.90,1.0000,-1,-1,-1
43,2,204.39,246.53,102.89,53.56,1.0000,-1,-1,-1
43,3,0.00,383.90,89.23,92.90,1.0000,-1,-1,-1
44,2,204.37,246.53,102.89,53.56,1.0000,-1,-1,-1
44,3,0.00,389.01,58.62,92.90,1.0000,-1,-1,-1
45,2,204.35,246.53,102.89,53.56,1.0000,-1,-1,-1
45,3,0.00,390.71,31.41,92.90,1.0000,-1,-1,-1
46,2,204.33,246.53,102.89,53.56,1.0000,-1,-1,-1
47,2,204.31,246.53,102.89,53.56,1.0000,-1,-1,-1
48,2,204.29,246.53,102.89,53.56,1.0000,-1,-1,-1
49,2,204.27,246.53,102.89,53.56,1.0000,-1,-1,-1
50,2,204.27,246.64,102.89,53.57,1.0000,-1,-1,-1
51,2,204.27,246.76,102.89,53.57,1.0000,-1,-1,-1
51,4,945.54,228.30,14.45,68.02,1.0000,-1,-1,-1
52,2,204.27,246.87,102.89,53.57,1.0000,-1,-1,-1
52,4,940.87,228.30,19.12,68.02,1.0000,-1,-1,-1
53,2,204.27,246.99,102.89,53.57,1.0000,-1,-1,-1
53,4,936.20,228.30,23.79,68.02,1.0000,-1,-1,-1
54,2,204.27,247.11,102.89,53.57,1.0000,-1,-1,-1
54,4,930.20,225.75,28.09,68.02,1.0000,-1,-1,-1
55,2,204.27,247.22,102.89,53.57,1.0000,-1,-1,-1
55,4,925.90,225.75,34.10,68.02,1.0000,-1,-1,-1
55,5,935.39,234.51,12.03,29.53,1.0000,-1,-1,-1
56,2,204.27,247.34,102.89,53.57,1.0000,-1,-1,-1
56,4,921.60,226.60,38.40,68.02,1.0000,-1,-1,-1
56,5,929.90,234.74,13.90,29.53,1.0000,-1,-1,-1
57,2,204.27,247.46,102.89,53.57,1.0000,-1,-1,-1
57,4,913.90,226.60,46.10,68.02,1.0000,-1,-1,-1
57,5,926.27,235.64,13.90,29.53,1.0000,-1,-1,-1
58,2,204.27,247.57,102.89,53.57,1.0000,-1,-1,-1
58,4,907.10,226.60,52.90,68.02,1.0000,-1,-1,-1
58,5,921.04,236.78,13.90,29.53,1.0000,-1,-1,-1
59,2,204.27,247.69,102.89,53.57,1.0000,-1,-1,-1
59,4,906.25,224.90,52.90,74.00,1.0000,-1,-1,-1
59,5,914.00,239.28,13.90,29.53,1.0000,-1,-1,-1
60,2,204.27,247.80,102.89,53.57,1.0000,-1,-1,-1
60,4,898.60,224.90,60.55,76.60,1.0000,-1,-1,-1
60,5,908.32,238.83,13.90,29.52,1.0000,-1,-1,-1
61,2,204.27,247.92,102.89,53.57,1.0000,-1,-1,-1
61,4,894.75,224.90,64.40,76.60,1.0000,-1,-1,-1
61,5,904.23,240.19,13.90,29.53,1.0000,-1,-1,-1
62,2,204.27,248.04,102.89,53.57,1.0000,-1,-1,-1
62,4,890.90,224.90,68.25,76.60,1.0000,-1,-1,-1
62,5,897.87,240.42,13.90,29.52,1.0000,-1,-1,-1
63,2,204.27,248.15,102.89,53.57,1.0000,-1,-1,-1
63,4,884.90,224.90,74.25,82.60,1.0000,-1,-1,-1
63,5,891.51,240.87,13.90,29.53,1.0000,-1,-1,-1
64,2,204.27,248.27,102.89,53.57,1.0000,-1,-1,-1
64,4,877.20,224.90,81.95,82.60,1.0000,-1,-1,-1
64,5,884.01,242.23,13.90,29.53,1.0000,-1,-1,-1
65,2,204.27,248.39,102.89,53.57,1.0000,-1,-1,-1
65,4,874.60,224.90,84.55,82.60,1.0000,-1,-1,-1
65,5,878.34,242.69,14.12,34.26,1.0000,-1,-1,-1
66,2,204.27,248.50,102.89,53.57,1.0000,-1,-1,-1
66,4,869.50,224.90,89.65,87.70,1.0000,-1,-1,-1
66,5,872.43,242.69,14.12,34.26,1.0000,-1,-1,-1
67,2,204.27,248.62,102.89,53.57,1.0000,-1,-1,-1
67,4,858.40,224.90,100.75,87.70,1.0000,-1,-1,-1
67,5,864.93,244.28,14.12,34.26,1.0000,-1,-1,-1
68,2,204.27,248.66,102.89,53.57,1.0000,-1,-1,-1
68,4,856.70,224.90,102.45,87.70,1.0000,-1,-1,-1
68,5,859.71,245.64,14.12,34.27,1.0000,-1,-1,-1
69,2,204.27,248.71,102.89,53.57,1.0000,-1,-1,-1
69,4,847.30,224.90,111.85,89.40,1.0000,-1,-1,-1
69,5,853.35,247.00,14.12,34.27,1.0000,-1,-1,-1
70,2,204.27,248.75,102.89,53.57,1.0000,-1,-1,-1
70,4,837.10,224.90,122.05,93.70,1.0000,-1,-1,-1
70,5,845.62,247.68,17.78,34.27,1.0000,-1,-1,-1
71,2,204.27,248.80,102.89,53.57,1.0000,-1,-1,-1
71,4,834.50,224.90,124.65,93.70,1.0000,-1,-1,-1
71,5,839.04,248.14,17.77,34.27,1.0000,-1,-1,-1
72,2,204.27,248.84,102.89,53.57,1.0000,-1,-1,-1
72,4,827.70,224.90,131.45,93.70,1.0000,-1,-1,-1
72,5,830.20,248.59,22.30,34.27,1.0000,-1,-1,-1
73,2,204.27,248.89,102.89,53.57,1.0000,-1,-1,-1
73,4,818.08,228.36,141.92,93.70,1.0000,-1,-1,-1
73,5,822.23,249.73,17.77,34.27,1.0000,-1,-1,-1
74,2,204.27,248.93,102.89,53.57,1.0000,-1,-1,-1
74,4,815.25,227.68,144.75,95.82,1.0000,-1,-1,-1
74,5,814.73,249.50,20.27,36.80,1.0000,-1,-1,-1
75,2,204.27,248.98,102.89,53.57,1.0000,-1,-1,-1
75,4,803.80,227.45,153.65,97.95,1.0000,-1,-1,-1
75,5,805.42,250.64,22.28,36.80,1.0000,-1,-1,-1
76,2,204.27,249.02,102.89,53.57,1.0000,-1,-1,-1
76,4,794.40,227.45,163.05,100.55,1.0000,-1,-1,-1
76,5,797.01,252.23,23.89,36.80,1.0000,-1,-1,-1
77,2,204.27,249.07,102.89,53.57,1.0000,-1,-1,-1
77,4,789.30,227.45,168.15,100.55,1.0000,-1,-1,-1
77,5,790.88,252.91,23.89,36.80,1.0000,-1,-1,-1
78,2,204.27,249.11,102.89,53.57,1.0000,-1,-1,-1
78,4,781.60,227.45,175.85,100.55,1.0000,-1,-1,-1
78,5,778.62,255.41,26.38,36.80,1.0000,-1,-1,-1
79,2,204.27,249.16,102.89,53.57,1.0000,-1,-1,-1
79,4,772.85,228.10,185.25,105.65,1.0000,-1,-1,-1
79,5,768.39,255.41,28.91,36.80,1.0000,-1,-1,-1
79,6,948.10,233.80,11.90,38.28,1.0000,-1,-1,-1
80,2,204.27,249.20,102.89,53.57,1.0000,-1,-1,-1
80,4,761.15,230.00,195.45,105.65,1.0000,-1,-1,-1
80,5,757.04,255.86,28.90,36.80,1.0000,-1,-1,-1
80,6,944.20,233.80,15.80,38.28,1.0000,-1,-1,-1
81,2,204.27,249.25,102.89,53.57,1.0000,-1,-1,-1
81,4,760.18,230.33,186.95,105.65,1.0000,-1,-1,-1
81,5,748.63,256.32,28.91,36.79,1.0000,-1,-1,-1
81,6,936.41,234.45,15.80,38.28,1.0000,-1,-1,-1
82,2,204.23,249.26,102.89,53.57,1.0000,-1,-1,-1
82,4,756.05,232.55,186.95,105.65,1.0000,-1,-1,-1
82,5,738.41,258.13,34.36,36.80,1.0000,-1,-1,-1
82,6,932.41,235.91,15.80,38.28,1.0000,-1,-1,-1
83,2,204.18,249.28,102.89,53.57,1.0000,-1,-1,-1
83,4,748.40,234.25,186.95,105.65,1.0000,-1,-1,-1
83,5,727.73,259.04,34.37,36.80,1.0000,-1,-1,-1
83,6,925.75,236.78,15.80,38.29,1.0000,-1,-1,-1
84,2,204.14,249.29,102.89,53.57,1.0000,-1,-1,-1
84,4,732.24,235.95,196.26,105.65,1.0000,-1,-1,-1
84,5,717.06,258.81,37.74,36.80,1.0000,-1,-1,-1
84,6,920.31,237.09,17.09,40.91,1.0000,-1,-1,-1
85,2,204.10,249.31,102.88,53.57,1.0000,-1,-1,-1
85,4,719.50,236.80,203.05,105.65,1.0000,-1,-1,-1
85,5,703.48,259.50,46.10,36.79,1.0000,-1,-1,-1
85,6,880.00,239.46,50.12,40.03,1.0000,-1,-1,-1
86,2,204.05,249.32,102.89,53.57,1.0000,-1,-1,-1
86,4,714.40,235.10,203.05,113.30,1.0000,-1,-1,-1
86,5,695.07,259.95,46.10,36.80,1.0000,-1,-1,-1
86,6,871.20,240.03,52.45,39.16,1.0000,-1,-1,-1
87,2,204.01,249.34,102.88,53.57,1.0000,-1,-1,-1
87,4,703.34,236.80,208.16,113.30,1.0000,-1,-1,-1
87,5,682.80,260.63,46.10,36.80,1.0000,-1,-1,-1
87,6,859.20,240.29,58.62,38.28,1.0000,-1,-1,-1
88,2,203.96,249.35,102.89,53.57,1.0000,-1,-1,-1
88,4,695.69,238.50,208.16,113.30,1.0000,-1,-1,-1
88,5,671.90,262.00,46.10,36.79,1.0000,-1,-1,-1
88,6,851.74,240.61,58.62,38.28,1.0000,-1,-1,-1
89,2,203.92,249.37,102.88,53.57,1.0000,-1,-1,-1
89,4,688.04,238.50,208.16,113.30,1.0000,-1,-1,-1
89,5,661.45,262.22,47.65,36.80,1.0000,-1,-1,-1
89,6,845.90,241.26,58.62,38.28,1.0000,-1,-1,-1
90,2,203.87,249.38,102.89,53.57,1.0000,-1,-1,-1
90,4,678.69,239.35,212.41,113.30,1.0000,-1,-1,-1
90,5,649.64,262.45,50.36,36.80,1.0000,-1,-1,-1
90,6,840.71,242.23,58.62,38.29,1.0000,-1,-1,-1
91,2,203.83,249.40,102.88,53.57,1.0000,-1,-1,-1
91,4,669.33,242.80,213.27,114.95,1.0000,-1,-1,-1
91,5,637.83,262.68,67.87,38.82,1.0000,-1,-1,-1
91,6,833.25,242.88,59.23,39.90,1.0000,-1,-1,-1
92,2,203.78,249.41,102.89,53.57,1.0000,-1,-1,-1
92,4,652.33,247.05,221.67,114.10,1.0000,-1,-1,-1
92,5,625.11,263.36,67.87,38.82,1.0000,-1,-1,-1
92,6,827.41,243.21,59.23,39.89,1.0000,-1,-1,-1
93,2,203.74,249.43,102.88,53.57,1.0000,-1,-1,-1
93,4,647.22,247.05,221.68,117.55,1.0000,-1,-1,-1
93,5,612.39,264.27,76.71,38.82,1.0000,-1,-1,-1
93,6,818.65,243.53,59.23,39.89,1.0000,-1,-1,-1
94,2,203.69,249.44,102.89,53.57,1.0000,-1,-1,-1
94,4,633.62,247.05,228.43,117.55,1.0000,-1,-1,-1
94,5,599.89,264.27,76.72,38.82,1.0000,-1,-1,-1
94,6,808.92,243.53,59.22,39.89,1.0000,-1,-1,-1
95,2,203.65,249.46,102.88,53.57,1.0000,-1,-1,-1
95,4,624.27,244.50,229.23,126.90,1.0000,-1,-1,-1
95,5,587.63,264.27,83.07,39.73,1.0000,-1,-1,-1
95,6,801.46,244.18,59.22,39.89,1.0000,-1,-1,-1
96,2,10203.66,249.47,102.88,53.57,1.0000,-1,-1,-1
96,4,607.26,246.20,240.24,126.90,1.0000,-1,-1,-1
96,5,572.18,264.95,91.22,40.15,1.0000,-1,-1,-1
96,6,794.32,244.83,59.23,39.89,1.0000,-1,-1,-1
97,2,203.66,249.48,102.89,53.57,1.0000,-1,-1,-1
97,4,597.05,245.35,246.15,134.55,1.0000,-1,-1,-1
97,5,559.01,266.76,91.22,40.16,1.0000,-1,-1,-1
97,6,787.18,243.86,59.23,39.89,1.0000,-1,-1,-1
98,2,203.67,249.49,102.89,53.57,1.0000,-1,-1,-1
98,4,579.20,247.90,252.90,132.00,1.0000,-1,-1,-1
98,5,549.24,266.76,94.36,40.16,1.0000,-1,-1,-1
98,6,777.12,243.86,59.23,39.89,1.0000,-1,-1,-1
99,2,203.68,249.51,102.89,53.57,1.0000,-1,-1,-1
99,4,564.74,249.60,262.26,135.40,1.0000,-1,-1,-1
99,5,538.79,266.76,94.36,40.16,1.0000,-1,-1,-1
99,6,770.31,245.80,59.23,39.89,1.0000,-1,-1,-1
100,2,203.69,249.52,102.89,53.57,1.0000,-1,-1,-1
100,4,553.69,251.30,262.26,135.40,1.0000,-1,-1,-1
100,5,522.43,266.99,101.67,40.81,1.0000,-1,-1,-1
100,6,752.50,246.78,67.63,39.89,1.0000,-1,-1,-1
101,2,203.70,249.53,102.89,53.57,1.0000,-1,-1,-1
101,4,543.48,252.15,262.26,135.40,1.0000,-1,-1,-1
101,5,505.85,266.99,108.25,42.21,1.0000,-1,-1,-1
101,6,737.58,248.72,67.63,39.89,1.0000,-1,-1,-1
102,2,203.71,249.55,102.88,53.57,1.0000,-1,-1,-1
102,4,533.28,252.15,268.22,138.80,1.0000,-1,-1,-1
102,5,493.81,266.99,108.25,42.21,1.0000,-1,-1,-1
102,6,725.60,248.72,79.61,39.89,1.0000,-1,-1,-1
103,2,203.71,249.56,102.89,53.57,1.0000,-1,-1,-1
103,4,521.38,257.25,268.22,138.80,1.0000,-1,-1,-1
103,5,482.23,267.45,108.25,42.20,1.0000,-1,-1,-1
103,6,709.38,249.70,79.61,39.89,1.0000,-1,-1,-1
103,7,950.83,222.97,9.17,49.91,1.0000,-1,-1,-1
104,2,203.72,249.57,102.89,53.57,1.0000,-1,-1,-1
104,4,505.22,258.95,279.28,142.25,1.0000,-1,-1,-1
104,5,468.83,269.26,108.25,42.21,1.0000,-1,-1,-1
104,6,700.30,250.02,79.60,39.89,1.0000,-1,-1,-1
104,7,947.89,221.99,12.11,49.91,1.0000,-1,-1,-1
105,2,203.73,249.58,102.89,53.57,1.0000,-1,-1,-1
105,4,490.76,260.65,279.28,142.25,1.0000,-1,-1,-1
105,5,454.75,268.81,108.24,42.21,1.0000,-1,-1,-1
105,6,690.56,250.34,79.61,39.90,1.0000,-1,-1,-1
105,7,944.94,221.01,15.06,49.91,1.0000,-1,-1,-1
106,2,203.74,249.60,102.89,53.57,1.0000,-1,-1,-1
106,4,472.90,258.10,291.20,148.20,1.0000,-1,-1,-1
106,5,438.05,269.21,108.25,42.21,1.0000,-1,-1,-1
106,6,673.70,251.64,87.06,39.89,1.0000,-1,-1,-1
106,7,941.60,211.20,18.40,63.09,1.0000,-1,-1,-1
107,2,203.75,249.61,102.89,53.57,1.0000,-1,-1,-1
107,4,455.04,260.70,302.21,149.90,1.0000,-1,-1,-1
107,5,425.84,271.25,108.25,42.21,1.0000,-1,-1,-1
107,6,662.00,251.32,91.63,39.89,1.0000,-1,-1,-1
107,7,936.00,211.20,24.00,63.09,1.0000,-1,-1,-1
108,2,203.76,249.62,102.89,53.57,1.0000,-1,-1,-1
108,4,438.04,263.20,308.16,153.35,1.0000,-1,-1,-1
108,5,410.78,272.07,116.82,42.20,1.0000,-1,-1,-1
108,6,647.73,252.61,91.62,39.90,1.0000,-1,-1,-1
108,7,931.50,211.20,28.50,63.09,1.0000,-1,-1,-1
109,2,203.77,249.64,102.88,53.56,1.0000,-1,-1,-1
109,4,423.58,265.80,320.02,158.40,1.0000,-1,-1,-1
109,5,394.50,272.88,124.10,43.42,1.0000,-1,-1,-1
109,6,635.40,252.94,96.49,39.89,1.0000,-1,-1,-1
109,7,926.50,211.20,33.50,63.09,1.0000,-1,-1,-1
110,2,203.77,249.65,102.89,53.57,1.0000,-1,-1,-1
110,4,407.97,266.60,325.07,162.75,1.0000,-1,-1,-1
110,5,379.43,272.88,120.47,43.42,1.0000,-1,-1,-1
110,6,614.30,254.07,109.22,39.89,1.0000,-1,-1,-1
110,7,921.20,211.20,38.80,63.09,1.0000,-1,-1,-1
111,2,203.78,249.66,102.89,53.57,1.0000,-1,-1,-1
111,4,392.97,265.80,325.08,162.70,1.0000,-1,-1,-1
111,5,364.78,273.69,120.46,43.42,1.0000,-1,-1,-1
111,6,601.91,254.44,109.23,39.89,1.0000,-1,-1,-1
111,7,916.20,211.20,43.80,63.09,1.0000,-1,-1,-1
112,2,203.79,249.67,102.89,53.57,1.0000,-1,-1,-1
112,4,369.16,270.00,340.34,165.30,1.0000,-1,-1,-1
112,5,351.34,274.51,120.47,43.42,1.0000,-1,-1,-1
112,6,587.65,255.57,109.22,39.89,1.0000,-1,-1,-1
112,7,910.90,211.20,49.10,63.09,1.0000,-1,-1,-1
113,2,203.80,249.69,102.89,53.57,1.0000,-1,-1,-1
113,4,353.01,268.30,346.29,172.10,1.0000,-1,-1,-1
113,5,337.09,275.73,120.47,43.42,1.0000,-1,-1,-1
113,6,575.26,255.19,109.23,39.89,1.0000,-1,-1,-1
113,7,910.62,211.20,49.10,63.09,1.0000,-1,-1,-1
114,2,203.81,249.70,102.89,53.57,1.0000,-1,-1,-1
114,4,332.60,273.40,355.60,173.00,1.0000,-1,-1,-1
114,5,324.88,276.54,120.47,43.42,1.0000,-1,-1,-1
114,6,560.62,255.19,109.23,39.89,1.0000,-1,-1,-1
114,7,903.30,211.20,56.42,64.80,1.0000,-1,-1,-1
115,2,203.82,249.71,102.88,53.57,1.0000,-1,-1,-1
115,4,317.29,272.60,355.60,177.20,1.0000,-1,-1,-1
115,5,308.19,276.95,120.47,43.42,1.0000,-1,-1,-1
115,6,547.48,255.57,109.23,39.89,1.0000,-1,-1,-1
115,7,898.00,211.20,61.72,64.80,1.0000,-1,-1,-1
116,2,203.83,249.73,102.88,53.56,1.0000,-1,-1,-1
116,4,296.03,276.00,368.37,177.20,1.0000,-1,-1,-1
116,5,294.35,278.17,120.47,43.42,1.0000,-1,-1,-1
116,6,537.72,255.94,109.23,39.89,1.0000,-1,-1,-1
116,7,894.36,211.20,65.64,64.80,1.0000,-1,-1,-1
117,2,203.83,249.74,102.89,53.57,1.0000,-1,-1,-1
117,4,279.03,276.85,375.97,183.15,1.0000,-1,-1,-1
117,5,278.88,280.61,120.47,43.42,1.0000,-1,-1,-1
117,6,523.46,256.32,109.23,39.89,1.0000,-1,-1,-1
117,7,888.47,211.76,71.53,64.80,1.0000,-1,-1,-1
118,2,203.84,249.75,102.89,53.57,1.0000,-1,-1,-1
118,4,253.52,278.55,385.28,189.15,1.0000,-1,-1,-1
118,5,265.85,281.02,120.47,43.42,1.0000,-1,-1,-1
118,6,503.19,257.80,112.21,39.91,1.0000,-1,-1,-1
118,7,882.30,211.48,77.70,66.52,1.0000,-1,-1,-1
119,2,203.85,249.76,102.89,53.57,1.0000,-1,-1,-1
119,4,233.11,279.40,398.89,190.00,1.0000,-1,-1,-1
119,5,249.98,281.43,120.46,45.07,1.0000,-1,-1,-1
119,6,490.80,258.17,112.21,39.92,1.0000,-1,-1,-1
119,7,877.81,211.48,82.19,66.22,1.0000,-1,-1,-1
120,2,203.86,249.78,102.89,53.57,1.0000,-1,-1,-1
120,4,216.11,284.50,401.39,193.40,1.0000,-1,-1,-1
120,5,233.69,282.65,120.47,45.07,1.0000,-1,-1,-1
120,6,476.92,258.55,112.25,39.91,1.0000,-1,-1,-1
120,7,871.64,213.44,84.76,67.06,1.0000,-1,-1,-1
121,2,203.87,249.79,102.89,53.57,1.0000,-1,-1,-1
121,4,188.04,284.50,413.26,202.80,1.0000,-1,-1,-1
121,5,214.15,283.46,126.55,45.08,1.0000,-1,-1,-1
121,6,462.65,261.60,112.26,41.74,1.0000,-1,-1,-1
121,7,868.56,213.72,84.76,67.06,1.0000,-1,-1,-1
122,2,203.88,249.80,102.88,53.57,1.0000,-1,-1,-1
122,4,165.94,288.75,427.66,202.80,1.0000,-1,-1,-1
122,5,199.09,285.09,126.55,45.07,1.0000,-1,-1,-1
122,6,448.01,261.98,113.39,41.74,1.0000,-1,-1,-1
122,7,864.07,214.56,84.76,67.06,1.0000,-1,-1,-1
123,2,203.89,249.81,102.88,53.57,1.0000,-1,-1,-1
123,4,137.88,292.16,442.92,208.74,1.0000,-1,-1,-1
123,5,181.18,285.09,126.55,48.71,1.0000,-1,-1,-1
123,6,430.75,262.35,116.05,45.45,1.0000,-1,-1,-1
123,7,857.30,214.28,86.76,67.06,1.0000,-1,-1,-1
124,2,203.89,249.83,102.89,53.57,1.0000,-1,-1,-1
124,4,113.22,291.30,453.08,217.30,1.0000,-1,-1,-1
124,5,164.83,285.09,126.55,50.31,1.0000,-1,-1,-1
124,6,418.74,261.98,116.05,45.45,1.0000,-1,-1,-1
124,7,851.97,215.41,86.76,67.05,1.0000,-1,-1,-1
125,2,203.90,249.84,102.89,53.57,1.0000,-1,-1,-1
125,4,88.56,294.70,464.14,219.00,1.0000,-1,-1,-1
125,5,148.49,287.43,126.54,50.30,1.0000,-1,-1,-1
125,6,402.60,263.48,120.90,49.62,1.0000,-1,-1,-1
125,7,847.77,215.69,86.76,67.05,1.0000,-1,-1,-1
126,2,203.91,249.85,102.89,53.57,1.0000,-1,-1,-1
126,4,58.80,295.50,478.60,225.85,1.0000,-1,-1,-1
126,5,126.69,287.43,136.61,50.30,1.0000,-1,-1,-1
126,6,388.71,262.35,120.90,49.62,1.0000,-1,-1,-1
126,7,837.40,216.81,92.08,67.05,1.0000,-1,-1,-1
127,2,203.92,249.87,102.89,53.57,1.0000,-1,-1,-1
127,4,34.70,306.76,492.21,225.85,1.0000,-1,-1,-1
127,5,111.13,288.98,136.60,50.31,1.0000,-1,-1,-1
127,6,375.64,264.36,120.91,49.62,1.0000,-1,-1,-1
127,7,832.92,217.09,92.08,67.05,1.0000,-1,-1,-1
128,2,203.93,249.88,102.89,53.57,1.0000,-1,-1,-1
128,4,9.48,301.45,504.97,231.80,1.0000,-1,-1,-1
128,5,91.67,290.54,136.61,54.96,1.0000,-1,-1,-1
128,6,357.05,264.36,125.45,52.64,1.0000,-1,-1,-1
128,7,828.15,216.81,92.08,67.05,1.0000,-1,-1,-1
129,2,203.94,249.89,102.88,53.57,1.0000,-1,-1,-1
129,4,0.00,305.71,494.00,234.29,1.0000,-1,-1,-1
129,5,75.32,290.54,136.61,54.96,1.0000,-1,-1,-1
129,6,341.98,264.86,127.92,52.64,1.0000,-1,-1,-1
129,7,821.14,218.21,93.48,67.06,1.0000,-1,-1,-1
130,2,203.95,249.90,102.88,53.57,1.0000,-1,-1,-1
130,4,0.00,303.15,479.54,234.30,1.0000,-1,-1,-1
130,5,55.87,292.88,142.83,54.95,1.0000,-1,-1,-1
130,6,329.41,263.90,127.93,58.13,1.0000,-1,-1,-1
130,7,815.81,218.77,93.48,67.06,1.0000,-1,-1,-1
131,2,203.95,249.92,102.89,53.57,1.0000,-1,-1,-1
131,4,0.00,308.26,464.24,231.74,1.0000,-1,-1,-1
131,5,37.18,295.21,142.84,54.96,1.0000,-1,-1,-1
131,6,314.34,265.91,127.92,58.13,1.0000,-1,-1,-1
131,7,808.00,219.05,95.40,67.05,1.0000,-1,-1,-1
132,2,203.96,249.93,102.89,53.57,1.0000,-1,-1,-1
132,4,0.00,312.51,449.78,227.49,1.0000,-1,-1,-1
132,5,19.28,297.54,142.84,54.96,1.0000,-1,-1,-1
132,6,300.27,266.92,127.92,58.12,1.0000,-1,-1,-1
132,7,802.95,219.33,95.41,67.05,1.0000,-1,-1,-1
133,2,203.97,249.94,102.89,53.57,1.0000,-1,-1,-1
133,4,0.00,316.76,429.38,223.24,1.0000,-1,-1,-1
133,5,0.60,297.54,142.84,54.96,1.0000,-1,-1,-1
133,6,281.17,268.92,131.42,58.13,1.0000,-1,-1,-1
133,7,795.10,219.61,97.65,67.05,1.0000,-1,-1,-1
134,2,203.98,249.96,102.89,53.57,1.0000,-1,-1,-1
134,4,0.00,322.71,412.37,217.29,1.0000,-1,-1,-1
134,5,0.00,297.54,124.76,61.16,1.0000,-1,-1,-1
134,6,266.10,268.42,131.41,58.13,1.0000,-1,-1,-1
134,7,789.21,219.89,97.65,69.55,1.0000,-1,-1,-1
134,8,679.62,524.03,97.29,15.97,1.0000,-1,-1,-1
135,2,203.99,249.97,102.89,53.57,1.0000,-1,-1,-1
135,4,0.00,322.71,395.36,217.29,1.0000,-1,-1,-1
135,5,0.00,299.88,108.41,61.15,1.0000,-1,-1,-1
135,6,247.01,270.94,135.47,58.12,1.0000,-1,-1,-1
135,7,783.04,220.46,97.65,69.54,1.0000,-1,-1,-1
135,8,679.62,514.90,119.48,25.10,1.0000,-1,-1,-1
136,2,204.00,249.98,102.88,53.57,1.0000,-1,-1,-1
136,4,0.00,325.26,384.31,214.74,1.0000,-1,-1,-1
136,5,0.00,299.88,90.51,61.15,1.0000,-1,-1,-1
136,6,233.94,270.94,135.48,58.12,1.0000,-1,-1,-1
136,7,777.72,220.46,97.64,69.54,1.0000,-1,-1,-1
136,8,679.62,511.00,142.08,29.00,1.0000,-1,-1,-1
137,2,204.01,249.99,102.88,53.57,1.0000,-1,-1,-1
137,4,0.00,329.51,365.60,210.49,1.0000,-1,-1,-1
137,5,0.00,302.99,69.49,61.16,1.0000,-1,-1,-1
137,6,215.85,271.94,135.48,58.13,1.0000,-1,-1,-1
137,7,769.02,221.02,97.65,69.54,1.0000,-1,-1,-1
137,8,694.80,504.90,149.00,35.10,1.0000,-1,-1,-1
138,2,204.01,250.01,102.89,53.57,1.0000,-1,-1,-1
138,4,0.00,332.92,344.35,207.08,1.0000,-1,-1,-1
138,5,0.00,305.33,51.59,61.15,1.0000,-1,-1,-1
138,6,201.28,273.45,135.47,58.12,1.0000,-1,-1,-1
138,7,761.70,221.02,99.64,71.18,1.0000,-1,-1,-1
138,8,697.00,494.90,155.50,45.10,1.0000,-1,-1,-1
139,2,204.02,250.02,102.89,53.57,1.0000,-1,-1,-1
139,4,0.00,335.47,326.49,204.53,1.0000,-1,-1,-1
139,5,0.00,308.44,33.69,61.16,1.0000,-1,-1,-1
139,6,182.18,274.96,138.02,58.12,1.0000,-1,-1,-1
139,7,754.92,222.71,99.64,71.19,1.0000,-1,-1,-1
139,8,702.64,487.10,172.88,52.90,1.0000,-1,-1,-1
140,2,204.03,250.03,102.89,53.57,1.0000,-1,-1,-1
140,4,0.00,337.17,305.23,202.83,1.0000,-1,-1,-1
140,5,0.00,312.33,15.79,43.27,1.0000,-1,-1,-1
140,6,169.12,276.46,138.01,58.13,1.0000,-1,-1,-1
140,7,747.89,222.96,99.64,71.18,1.0000,-1,-1,-1
140,8,705.68,485.40,177.22,54.60,1.0000,-1,-1,-1
141,2,204.04,250.05,102.89,53.57,1.0000,-1,-1,-1
141,4,0.00,341.42,284.82,198.58,1.0000,-1,-1,-1
141,6,151.03,278.98,138.01,58.12,1.0000,-1,-1,-1
141,7,740.62,222.71,102.58,71.19,1.0000,-1,-1,-1
141,8,715.70,477.60,171.90,62.40,1.0000,-1,-1,-1
142,2,204.05,250.06,102.89,53.57,1.0000,-1,-1,-1
142,4,0.00,347.37,258.46,192.63,1.0000,-1,-1,-1
142,6,129.40,278.98,143.06,62.12,1.0000,-1,-1,-1
142,7,733.11,222.71,102.58,71.19,1.0000,-1,-1,-1
142,8,734.40,468.50,153.20,71.50,1.0000,-1,-1,-1
143,2,204.06,250.07,102.88,53.57,1.0000,-1,-1,-1
143,4,0.00,353.32,240.61,186.68,1.0000,-1,-1,-1
143,6,113.32,278.98,143.06,62.12,1.0000,-1,-1,-1
143,7,724.87,223.20,102.58,71.18,1.0000,-1,-1,-1
143,8,746.10,465.00,155.00,75.00,1.0000,-1,-1,-1
144,2,204.07,250.08,102.88,53.57,1.0000,-1,-1,-1
144,4,0.00,353.32,221.90,186.68,1.0000,-1,-1,-1
144,6,96.74,279.98,143.06,62.13,1.0000,-1,-1,-1
144,7,713.23,225.38,109.35,71.18,1.0000,-1,-1,-1
144,8,757.40,462.00,151.10,78.00,1.0000,-1,-1,-1
145,2,204.06,250.12,102.89,53.57,1.0000,-1,-1,-1
145,4,0.00,355.87,202.34,184.13,1.0000,-1,-1,-1
145,6,80.16,281.49,143.05,64.61,1.0000,-1,-1,-1
145,7,705.73,224.25,109.35,71.19,1.0000,-1,-1,-1
145,8,765.70,460.30,152.40,79.70,1.0000,-1,-1,-1
146,2,204.05,250.15,102.89,53.57,1.0000,-1,-1,-1
146,4,2.55,361.83,170.88,178.17,1.0000,-1,-1,-1
146,6,58.55,283.00,151.55,66.11,1.0000,-1,-1,-1
146,7,698.59,228.76,109.35,71.18,1.0000,-1,-1,-1
146,8,780.90,453.30,136.30,86.70,1.0000,-1,-1,-1
147,2,204.05,250.18,102.88,53.57,1.0000,-1,-1,-1
147,4,0.00,366.93,146.22,173.07,1.0000,-1,-1,-1
147,6,41.96,284.00,151.56,66.12,1.0000,-1,-1,-1
147,7,692.21,226.50,109.35,71.19,1.0000,-1,-1,-1
147,8,788.70,446.80,137.60,93.20,1.0000,-1,-1,-1
148,2,204.04,250.21,102.89,53.57,1.0000,-1,-1,-1
148,4,0.00,370.33,120.71,169.67,1.0000,-1,-1,-1
148,6,23.37,283.00,155.03,68.60,1.0000,-1,-1,-1
148,7,683.96,226.88,109.35,71.18,1.0000,-1,-1,-1
148,8,795.20,444.70,136.70,95.30,1.0000,-1,-1,-1
149,2,204.03,250.25,102.89,53.57,1.0000,-1,-1,-1
149,4,0.00,379.68,90.95,160.32,1.0000,-1,-1,-1
149,6,6.29,287.02,155.03,68.60,1.0000,-1,-1,-1
149,7,673.82,226.50,115.78,73.40,1.0000,-1,-1,-1
149,8,804.32,442.09,136.70,95.30,1.0000,-1,-1,-1
150,2,204.03,250.28,102.88,53.57,1.0000,-1,-1,-1
150,4,0.00,382.23,71.39,157.77,1.0000,-1,-1,-1
150,6,0.00,287.02,143.23,68.60,1.0000,-1,-1,-1
150,7,664.06,226.50,115.78,73.40,1.0000,-1,-1,-1
150,8,813.00,436.45,136.70,95.30,1.0000,-1,-1,-1
151,2,204.02,250.31,102.89,53.57,1.0000,-1,-1,-1
151,4,0.00,385.63,33.10,154.37,1.0000,-1,-1,-1
151,6,0.00,288.02,126.14,68.61,1.0000,-1,-1,-1
151,7,656.18,226.88,115.78,73.40,1.0000,-1,-1,-1
151,8,816.91,433.41,136.70,95.30,1.0000,-1,-1,-1
152,2,204.01,250.35,102.89,53.57,1.0000,-1,-1,-1
152,6,0.00,285.49,105.54,75.66,1.0000,-1,-1,-1
152,7,637.51,226.75,126.85,77.94,1.0000,-1,-1,-1
152,8,822.13,429.50,136.70,95.30,1.0000,-1,-1,-1
153,2,204.01,250.38,102.88,53.57,1.0000,-1,-1,-1
153,6,0.00,285.99,92.98,75.66,1.0000,-1,-1,-1
153,7,638.01,226.75,126.86,77.94,1.0000,-1,-1,-1
153,8,832.55,424.72,127.45,95.30,1.0000,-1,-1,-1
154,2,204.00,250.41,102.89,53.57,1.0000,-1,-1,-1
154,6,0.00,287.50,82.42,75.66,1.0000,-1,-1,-1
154,7,623.94,226.75,126.86,77.94,1.0000,-1,-1,-1
154,8,844.71,420.38,115.29,95.30,1.0000,-1,-1,-1
155,2,203.99,250.44,102.89,53.57,1.0000,-1,-1,-1
155,6,0.00,289.00,59.31,75.67,1.0000,-1,-1,-1
155,7,615.40,226.75,126.86,77.94,1.0000,-1,-1,-1
155,8,854.70,413.43,105.30,95.30,1.0000,-1,-1,-1
156,2,203.99,250.48,102.88,53.57,1.0000,-1,-1,-1
156,6,0.00,289.00,41.22,75.67,1.0000,-1,-1,-1
156,7,604.85,228.25,126.85,77.95,1.0000,-1,-1,-1
156,8,861.65,408.65,98.35,95.30,1.0000,-1,-1,-1
157,2,203.98,250.51,102.89,53.57,1.0000,-1,-1,-1
157,6,0.00,289.51,20.61,75.66,1.0000,-1,-1,-1
157,7,597.31,227.75,126.86,77.95,1.0000,-1,-1,-1
157,8,868.16,403.88,91.84,95.29,1.0000,-1,-1,-1
158,2,203.97,250.54,102.89,53.57,1.0000,-1,-1,-1
158,7,588.26,230.26,126.86,77.95,1.0000,-1,-1,-1
158,8,876.43,402.99,83.57,92.28,1.0000,-1,-1,-1
159,2,203.97,250.57,102.88,53.57,1.0000,-1,-1,-1
159,7,579.22,228.25,126.86,77.95,1.0000,-1,-1,-1
159,8,882.52,397.35,77.48,92.27,1.0000,-1,-1,-1
160,2,203.96,250.61,102.89,53.57,1.0000,-1,-1,-1
160,7,564.65,227.75,126.85,77.95,1.0000,-1,-1,-1
160,8,887.73,393.00,72.27,92.28,1.0000,-1,-1,-1
161,2,203.95,250.64,102.89,53.57,1.0000,-1,-1,-1
161,7,560.62,231.27,126.86,77.94,1.0000,-1,-1,-1
161,8,892.50,389.96,67.50,92.28,1.0000,-1,-1,-1
162,2,203.95,250.67,102.88,53.57,1.0000,-1,-1,-1
162,7,543.51,232.28,133.42,77.94,1.0000,-1,-1,-1
162,8,903.80,385.62,56.20,92.28,1.0000,-1,-1,-1
163,2,203.94,250.71,102.89,53.57,1.0000,-1,-1,-1
163,7,537.48,232.28,133.42,77.94,1.0000,-1,-1,-1
163,8,909.01,382.15,50.99,92.27,1.0000,-1,-1,-1
164,2,203.93,250.74,102.89,53.57,1.0000,-1,-1,-1
164,7,523.41,232.78,133.42,77.94,1.0000,-1,-1,-1
164,8,916.82,376.94,43.18,92.27,1.0000,-1,-1,-1
165,2,203.93,250.77,102.89,53.57,1.0000,-1,-1,-1
165,7,513.86,231.77,133.42,77.95,1.0000,-1,-1,-1
165,8,923.77,373.90,36.23,92.27,1.0000,-1,-1,-1
166,2,203.92,250.80,102.89,53.57,1.0000,-1,-1,-1
166,7,504.31,233.80,133.42,78.93,1.0000,-1,-1,-1
166,8,927.68,373.46,32.32,92.28,1.0000,-1,-1,-1
167,2,203.91,250.84,102.89,53.57,1.0000,-1,-1,-1
167,7,490.75,233.80,136.45,78.93,1.0000,-1,-1,-1
167,8,928.98,373.90,31.02,92.27,1.0000,-1,-1,-1
168,2,203.91,250.87,102.89,53.57,1.0000,-1,-1,-1
168,7,472.70,232.80,144.45,81.89,1.0000,-1,-1,-1
168,8,933.33,369.55,26.67,92.28,1.0000,-1,-1,-1
169,2,203.90,250.90,102.89,53.57,1.0000,-1,-1,-1
169,7,466.67,233.30,144.45,81.90,1.0000,-1,-1,-1
169,8,937.24,373.50,22.76,75.30,1.0000,-1,-1,-1
170,2,203.89,250.93,102.89,53.57,1.0000,-1,-1,-1
170,7,452.10,235.31,144.45,81.90,1.0000,-1,-1,-1
170,8,948.09,381.70,11.91,61.45,1.0000,-1,-1,-1
171,2,203.89,250.97,102.89,53.57,1.0000,-1,-1,-1
171,7,442.05,236.82,144.45,81.89,1.0000,-1,-1,-1
171,8,950.26,383.50,9.74,60.10,1.0000,-1,-1,-1
172,2,203.88,251.00,102.89,53.57,1.0000,-1,-1,-1
172,7,432.50,237.32,144.45,81.90,1.0000,-1,-1,-1
173,2,203.88,251.03,102.88,53.57,1.0000,-1,-1,-1
173,7,420.44,236.82,144.45,81.89,1.0000,-1,-1,-1
174,2,203.87,251.07,102.89,53.56,1.0000,-1,-1,-1
174,7,409.89,237.32,144.45,81.90,1.0000,-1,-1,-1
175,2,203.86,251.10,102.89,53.57,1.0000,-1,-1,-1
175,7,396.80,237.83,152.01,81.89,1.0000,-1,-1,-1
176,2,203.86,251.13,102.88,53.57,1.0000,-1,-1,-1
176,7,381.72,235.31,152.01,86.89,1.0000,-1,-1,-1
177,2,203.89,251.15,102.88,53.57,1.0000,-1,-1,-1
177,7,373.68,235.31,152.01,86.89,1.0000,-1,-1,-1
178,2,203.92,251.16,102.88,53.57,1.0000,-1,-1,-1
178,7,360.12,234.31,152.01,86.89,1.0000,-1,-1,-1
179,2,203.95,251.18,102.88,53.57,1.0000,-1,-1,-1
179,7,351.57,235.31,152.01,86.89,1.0000,-1,-1,-1
180,2,203.98,251.19,102.88,53.57,1.0000,-1,-1,-1
180,7,337.50,234.81,152.01,89.89,1.0000,-1,-1,-1
181,2,204.01,251.21,102.88,53.57,1.0000,-1,-1,-1
181,7,328.46,235.31,152.01,89.89,1.0000,-1,-1,-1
182,2,204.04,251.22,102.88,53.57,1.0000,-1,-1,-1
182,7,315.90,233.30,152.01,92.40,1.0000,-1,-1,-1
183,2,204.06,251.24,102.89,53.56,1.0000,-1,-1,-1
183,7,305.85,236.32,152.01,92.39,1.0000,-1,-1,-1
184,2,204.09,251.25,102.89,53.57,1.0000,-1,-1,-1
184,7,295.30,235.81,152.01,92.40,1.0000,-1,-1,-1
185,2,204.12,251.27,102.89,53.56,1.0000,-1,-1,-1
185,7,286.75,236.32,152.01,92.39,1.0000,-1,-1,-1
186,2,204.15,251.28,102.89,53.57,1.0000,-1,-1,-1
186,7,274.19,236.82,152.01,92.40,1.0000,-1,-1,-1
187,2,204.18,251.30,102.89,53.56,1.0000,-1,-1,-1
187,7,261.13,239.33,152.01,92.40,1.0000,-1,-1,-1
188,2,204.21,251.31,102.89,53.57,1.0000,-1,-1,-1
188,7,248.56,240.84,152.01,92.40,1.0000,-1,-1,-1
189,2,204.24,251.32,102.89,53.57,1.0000,-1,-1,-1
189,7,236.00,240.34,156.03,93.36,1.0000,-1,-1,-1
190,2,204.27,251.34,102.89,53.57,1.0000,-1,-1,-1
190,7,222.43,239.83,156.03,93.37,1.0000,-1,-1,-1
