1,1,121.20,336.26,136.51,56.39,0.8774,-1,-1,-1
1,2,734.22,268.48,71.52,36.46,0.7946,-1,-1,-1
1,3,224.02,251.29,80.82,40.67,0.6384,-1,-1,-1
2,1,101.04,339.66,138.82,57.33,0.8565,-1,-1,-1
2,2,722.98,270.38,71.04,36.22,0.8181,-1,-1,-1
2,3,223.20,251.30,81.07,40.80,0.6668,-1,-1,-1
3,1,78.72,342.58,141.15,58.29,0.8577,-1,-1,-1
3,2,710.59,272.38,72.11,36.74,0.7922,-1,-1,-1
3,3,222.16,251.23,82.20,41.39,0.7192,-1,-1,-1
4,1,51.64,345.83,146.64,60.57,0.8596,-1,-1,-1
4,2,695.55,273.10,74.76,38.13,0.8215,-1,-1,-1
4,3,221.72,251.80,81.86,41.25,0.7691,-1,-1,-1
5,1,24.58,349.12,150.69,62.27,0.8593,-1,-1,-1
5,2,681.71,275.96,74.13,37.74,0.7976,-1,-1,-1
5,3,220.18,251.86,81.76,41.13,0.7847,-1,-1,-1
6,1,0.26,353.56,151.98,62.89,0.8465,-1,-1,-1
6,2,666.43,277.26,77.13,39.30,0.8313,-1,-1,-1
6,3,218.17,252.14,82.37,41.23,0.7946,-1,-1,-1
7,1,0.00,356.99,138.77,64.89,0.8624,-1,-1,-1
7,2,651.79,279.61,77.71,39.54,0.8373,-1,-1,-1
7,3,217.63,252.33,82.71,41.21,0.7895,-1,-1,-1
8,1,0.00,360.84,125.39,65.90,0.8580,-1,-1,-1
8,2,636.37,281.00,79.78,40.55,0.8464,-1,-1,-1
8,3,216.94,252.50,83.08,41.15,0.7931,-1,-1,-1
9,1,0.00,365.61,104.66,59.45,0.8313,-1,-1,-1
9,2,621.76,282.84,81.60,41.47,0.8482,-1,-1,-1
9,3,216.66,252.68,83.42,41.04,0.7801,-1,-1,-1
10,1,0.00,369.74,85.34,56.16,0.8065,-1,-1,-1
10,2,606.13,284.44,82.92,42.11,0.8547,-1,-1,-1
10,3,214.98,252.48,84.09,41.07,0.7940,-1,-1,-1
11,2,591.62,287.23,83.01,41.96,0.8324,-1,-1,-1
11,3,214.37,252.75,84.54,40.97,0.7962,-1,-1,-1
12,2,576.61,288.64,85.30,43.18,0.7311,-1,-1,-1
12,3,213.60,252.87,85.14,40.90,0.7804,-1,-1,-1
13,2,561.40,290.40,85.19,42.95,0.7857,-1,-1,-1
13,3,213.39,253.14,85.35,40.67,0.7885,-1,-1,-1
14,3,213.08,253.35,85.88,40.58,0.7661,-1,-1,-1
15,3,212.69,253.38,86.48,40.56,0.7913,-1,-1,-1
16,3,212.08,253.32,87.10,40.58,0.7738,-1,-1,-1
16,12,488.21,211.48,108.85,58.29,0.3892,-1,-1,-1
17,2,497.45,303.95,86.86,43.31,0.4393,-1,-1,-1
17,3,211.61,253.40,87.73,40.64,0.7936,-1,-1,-1
17,12,487.43,212.03,109.00,58.42,0.3251,-1,-1,-1
18,2,478.97,305.77,89.66,44.42,0.7931,-1,-1,-1
18,3,210.31,252.81,88.98,40.95,0.7997,-1,-1,-1
19,2,456.19,308.41,88.93,44.71,0.7096,-1,-1,-1
19,3,210.45,252.68,89.67,41.07,0.7836,-1,-1,-1
19,12,488.20,210.31,111.17,59.82,0.3918,-1,-1,-1
20,2,438.78,308.92,96.19,48.66,0.8294,-1,-1,-1
20,3,210.67,252.96,89.85,40.91,0.7923,-1,-1,-1
20,12,488.61,211.21,108.77,58.63,0.3794,-1,-1,-1
21,2,425.13,312.20,96.13,48.31,0.8206,-1,-1,-1
21,3,210.77,253.26,89.62,40.53,0.7446,-1,-1,-1
22,2,407.53,314.98,99.20,49.69,0.8428,-1,-1,-1
22,3,210.82,253.34,90.18,40.59,0.7550,-1,-1,-1
22,12,490.58,212.14,107.38,58.08,0.3746,-1,-1,-1
23,2,389.58,317.34,101.65,50.76,0.8247,-1,-1,-1
23,3,210.70,253.42,90.39,40.49,0.7410,-1,-1,-1
23,12,491.01,212.42,106.34,57.61,0.2648,-1,-1,-1
24,2,368.91,318.74,107.79,54.01,0.8566,-1,-1,-1
24,3,210.47,253.39,90.97,40.63,0.7710,-1,-1,-1
25,2,349.14,321.01,110.90,55.73,0.8594,-1,-1,-1
25,3,210.82,253.61,90.80,40.40,0.8008,-1,-1,-1
26,2,329.28,324.39,112.29,56.47,0.8519,-1,-1,-1
26,3,210.25,253.38,91.26,40.49,0.7937,-1,-1,-1
27,2,310.91,328.80,111.86,56.03,0.8408,-1,-1,-1
27,3,209.68,253.24,91.90,40.67,0.7824,-1,-1,-1
28,2,290.91,333.43,113.19,56.59,0.8496,-1,-1,-1
28,3,209.31,253.16,92.24,40.72,0.7902,-1,-1,-1
28,12,489.35,212.67,104.20,56.22,0.3126,-1,-1,-1
29,2,269.07,337.18,115.27,57.36,0.8632,-1,-1,-1
29,3,209.08,253.17,92.35,40.65,0.7867,-1,-1,-1
29,12,489.59,212.41,103.99,55.95,0.3238,-1,-1,-1
30,2,247.44,339.97,118.43,58.76,0.8465,-1,-1,-1
30,3,208.96,253.12,92.49,40.62,0.7922,-1,-1,-1
31,2,225.41,343.21,121.26,59.98,0.8549,-1,-1,-1
31,3,208.38,252.81,92.92,40.74,0.7765,-1,-1,-1
31,12,491.69,212.41,103.27,55.68,0.4033,-1,-1,-1
32,2,202.63,345.91,125.64,62.04,0.8690,-1,-1,-1
32,3,208.65,252.85,93.00,40.69,0.7810,-1,-1,-1
32,12,491.45,212.51,103.79,55.95,0.4345,-1,-1,-1
33,2,179.36,349.51,129.34,63.74,0.8493,-1,-1,-1
33,3,208.71,252.79,93.42,40.80,0.7694,-1,-1,-1
34,2,154.67,353.08,133.76,65.81,0.8603,-1,-1,-1
34,3,208.69,252.68,93.50,40.78,0.7828,-1,-1,-1
35,2,131.04,357.20,136.81,66.89,0.8651,-1,-1,-1
35,3,209.08,252.75,93.87,40.91,0.7781,-1,-1,-1
36,2,106.10,362.71,138.58,67.28,0.8475,-1,-1,-1
36,3,209.39,252.97,93.65,40.78,0.7430,-1,-1,-1
37,2,80.73,368.26,140.54,67.69,0.8608,-1,-1,-1
37,3,209.76,253.12,93.68,40.77,0.7416,-1,-1,-1
38,2,52.62,370.92,147.31,70.64,0.8833,-1,-1,-1
38,3,209.91,253.04,93.45,40.57,0.7610,-1,-1,-1
39,2,24.00,375.42,151.86,72.36,0.8647,-1,-1,-1
39,3,209.54,252.84,93.89,40.72,0.7664,-1,-1,-1
39,12,490.75,211.10,107.09,57.91,0.3026,-1,-1,-1
40,2,0.00,379.07,156.09,75.56,0.8727,-1,-1,-1
40,3,209.24,252.76,94.42,40.97,0.7751,-1,-1,-1
41,2,0.00,382.75,140.29,77.33,0.8709,-1,-1,-1
41,3,208.41,252.40,95.32,41.44,0.7936,-1,-1,-1
42,2,0.00,387.35,126.48,79.84,0.8271,-1,-1,-1
42,3,208.58,252.29,95.15,41.40,0.7948,-1,-1,-1
42,12,491.43,212.94,104.26,56.30,0.2880,-1,-1,-1
43,2,0.00,394.00,102.84,71.53,0.6571,-1,-1,-1
43,3,208.25,252.16,94.84,41.33,0.7857,-1,-1,-1
44,3,209.05,252.27,94.71,41.30,0.7882,-1,-1,-1
45,3,209.75,252.77,93.83,40.89,0.7011,-1,-1,-1
46,3,209.12,252.43,94.25,41.12,0.7571,-1,-1,-1
47,3,209.21,252.33,94.08,41.07,0.7721,-1,-1,-1
48,3,208.87,252.07,94.60,41.37,0.7790,-1,-1,-1
49,3,208.67,251.98,95.09,41.65,0.7855,-1,-1,-1
50,3,208.50,251.89,94.77,41.50,0.7929,-1,-1,-1
50,12,492.32,211.94,106.05,57.61,0.2577,-1,-1,-1
51,3,207.97,251.95,94.67,41.49,0.7521,-1,-1,-1
51,12,491.83,211.67,106.52,58.38,0.3175,-1,-1,-1
52,3,208.45,252.10,93.90,41.15,0.7689,-1,-1,-1
53,3,208.86,252.25,93.95,41.17,0.7466,-1,-1,-1
54,3,208.91,252.27,94.08,41.24,0.7863,-1,-1,-1
55,3,209.50,252.70,93.37,40.87,0.7933,-1,-1,-1
56,3,209.85,253.08,93.09,40.65,0.7676,-1,-1,-1
56,12,491.27,213.79,103.91,56.72,0.4290,-1,-1,-1
56,17,932.77,226.45,25.50,61.59,0.5664,-1,-1,-1
57,3,210.14,253.41,92.67,40.42,0.7651,-1,-1,-1
57,12,492.54,215.32,102.20,55.31,0.2767,-1,-1,-1
57,17,930.43,227.04,25.69,61.63,0.3826,-1,-1,-1
58,3,210.36,253.77,92.42,40.26,0.8074,-1,-1,-1
58,17,927.38,227.61,26.12,61.72,0.4325,-1,-1,-1
59,3,210.28,253.94,92.28,40.14,0.8312,-1,-1,-1
59,12,491.88,213.50,104.91,57.12,0.3030,-1,-1,-1
59,17,923.50,226.55,29.15,67.64,0.4588,-1,-1,-1
60,3,210.33,254.05,92.33,40.09,0.8216,-1,-1,-1
60,12,490.96,212.71,106.45,58.23,0.4182,-1,-1,-1
60,17,919.10,226.01,31.22,70.35,0.4041,-1,-1,-1
61,3,210.51,254.39,92.26,40.04,0.8308,-1,-1,-1
61,17,915.56,226.12,32.40,69.97,0.5690,-1,-1,-1
62,3,210.58,254.85,92.06,39.89,0.8215,-1,-1,-1
62,17,912.15,226.53,34.72,71.56,0.5448,-1,-1,-1
63,3,210.67,255.20,92.03,39.82,0.8311,-1,-1,-1
63,12,492.58,213.92,103.78,56.92,0.2608,-1,-1,-1
63,17,908.22,227.60,36.74,71.40,0.7034,-1,-1,-1
64,3,210.56,255.39,92.01,39.75,0.8360,-1,-1,-1
64,12,492.26,214.12,103.37,56.76,0.3460,-1,-1,-1
64,17,903.09,228.25,40.54,74.25,0.6427,-1,-1,-1
65,3,210.59,255.83,91.77,39.56,0.8243,-1,-1,-1
65,12,492.37,213.80,103.76,57.14,0.3193,-1,-1,-1
65,17,898.50,228.29,44.03,75.75,0.6240,-1,-1,-1
66,3,210.49,256.03,91.94,39.56,0.8361,-1,-1,-1
66,12,491.42,213.45,104.71,57.80,0.4184,-1,-1,-1
66,17,894.13,229.24,47.40,76.24,0.8405,-1,-1,-1
67,3,209.95,255.98,92.13,39.60,0.8430,-1,-1,-1
67,12,492.08,213.28,104.43,57.97,0.4452,-1,-1,-1
67,17,889.05,229.99,51.31,76.96,0.7941,-1,-1,-1
68,3,209.72,256.04,92.06,39.50,0.8370,-1,-1,-1
68,12,492.51,213.40,103.80,57.90,0.4625,-1,-1,-1
68,17,882.90,230.82,55.91,78.09,0.8168,-1,-1,-1
69,3,209.80,256.37,91.95,39.40,0.8321,-1,-1,-1
69,12,492.28,214.60,102.27,56.87,0.4036,-1,-1,-1
69,17,876.98,231.41,60.48,78.57,0.8082,-1,-1,-1
70,3,209.60,256.45,92.39,39.55,0.8322,-1,-1,-1
70,12,492.98,215.12,101.29,56.30,0.4429,-1,-1,-1
70,17,873.29,231.99,65.16,79.73,0.8632,-1,-1,-1
71,3,209.25,256.45,93.23,39.91,0.8308,-1,-1,-1
71,12,493.32,215.45,100.84,55.91,0.3845,-1,-1,-1
71,17,866.63,233.20,69.90,79.81,0.8708,-1,-1,-1
72,3,209.14,256.46,93.54,40.03,0.8377,-1,-1,-1
72,12,494.43,217.24,98.72,54.33,0.5311,-1,-1,-1
72,17,859.67,233.90,75.60,80.80,0.8683,-1,-1,-1
73,3,208.86,256.60,93.87,40.20,0.8480,-1,-1,-1
73,12,496.15,217.88,98.28,54.15,0.4357,-1,-1,-1
73,17,852.09,233.98,82.17,82.41,0.8586,-1,-1,-1
74,3,208.84,256.72,94.23,40.39,0.8451,-1,-1,-1
74,12,495.41,217.10,99.77,55.04,0.3683,-1,-1,-1
74,17,845.45,234.12,88.95,84.15,0.8641,-1,-1,-1
75,3,208.73,256.82,94.49,40.53,0.8413,-1,-1,-1
75,12,494.83,216.76,100.41,55.43,0.4370,-1,-1,-1
75,17,841.10,235.35,94.30,84.70,0.8544,-1,-1,-1
76,3,208.60,256.79,93.82,40.23,0.8375,-1,-1,-1
76,12,493.92,217.66,98.44,54.32,0.3153,-1,-1,-1
76,17,833.81,236.84,100.32,85.20,0.8272,-1,-1,-1
77,3,208.78,256.99,94.07,40.36,0.8340,-1,-1,-1
77,17,826.81,235.62,108.92,88.55,0.8814,-1,-1,-1
78,3,208.58,256.93,93.78,40.25,0.8450,-1,-1,-1
78,17,819.71,235.75,115.91,90.19,0.8806,-1,-1,-1
79,3,208.66,257.02,93.49,40.13,0.8462,-1,-1,-1
79,17,811.86,236.45,123.07,91.88,0.9056,-1,-1,-1
80,3,208.80,256.93,92.78,39.76,0.8335,-1,-1,-1
80,17,802.89,237.02,129.87,93.01,0.8554,-1,-1,-1
81,3,208.68,256.80,92.97,39.80,0.8351,-1,-1,-1
81,17,791.84,237.18,136.51,94.24,0.8662,-1,-1,-1
82,3,208.73,256.68,93.06,39.82,0.8382,-1,-1,-1
82,17,781.98,237.72,143.02,95.89,0.9026,-1,-1,-1
83,3,208.82,256.64,92.78,39.65,0.8335,-1,-1,-1
83,17,771.95,238.42,149.06,97.25,0.9029,-1,-1,-1
84,3,208.86,256.48,92.70,39.58,0.8304,-1,-1,-1
84,17,761.76,239.44,154.71,98.51,0.9110,-1,-1,-1
85,3,209.14,256.30,92.66,39.49,0.8265,-1,-1,-1
85,12,496.91,219.59,93.68,51.28,0.2805,-1,-1,-1
85,17,751.58,240.30,160.78,100.21,0.9077,-1,-1,-1
86,3,209.19,256.24,92.83,39.51,0.8352,-1,-1,-1
86,12,495.97,218.55,95.42,52.12,0.3043,-1,-1,-1
86,17,741.28,240.76,166.19,101.50,0.9127,-1,-1,-1
87,3,209.25,256.21,93.28,39.67,0.8374,-1,-1,-1
87,12,494.86,216.04,98.06,53.49,0.3200,-1,-1,-1
87,17,731.12,242.85,169.04,101.28,0.8909,-1,-1,-1
88,3,209.56,256.19,92.79,39.35,0.8441,-1,-1,-1
88,12,492.12,214.91,102.01,55.91,0.3763,-1,-1,-1
88,17,720.36,243.84,173.36,102.01,0.8954,-1,-1,-1
89,3,209.63,256.20,92.38,39.06,0.8552,-1,-1,-1
89,12,491.83,214.40,103.74,57.32,0.2600,-1,-1,-1
89,17,707.91,243.85,182.34,105.96,0.9118,-1,-1,-1
89,28,667.05,266.30,43.81,30.25,0.5941,-1,-1,-1
90,3,210.15,256.29,92.53,38.93,0.8391,-1,-1,-1
90,17,697.25,246.05,184.84,105.84,0.8938,-1,-1,-1
90,28,658.13,267.28,44.02,30.31,0.4064,-1,-1,-1
91,3,210.27,256.30,93.10,39.03,0.8366,-1,-1,-1
91,17,685.03,246.12,191.79,108.49,0.8890,-1,-1,-1
92,3,209.44,255.91,94.78,39.67,0.8369,-1,-1,-1
92,17,672.91,246.41,197.86,110.90,0.9043,-1,-1,-1
93,3,208.91,255.57,95.36,39.87,0.8240,-1,-1,-1
93,17,661.52,246.81,203.57,113.14,0.9092,-1,-1,-1
94,3,208.53,255.35,95.67,39.99,0.8273,-1,-1,-1
94,17,648.83,247.14,210.58,116.41,0.9095,-1,-1,-1
94,33,604.43,266.40,71.53,36.72,0.5789,-1,-1,-1
95,3,208.27,255.32,95.25,39.88,0.8326,-1,-1,-1
95,17,638.17,247.91,214.06,117.77,0.9047,-1,-1,-1
95,33,596.66,266.66,69.23,35.47,0.7000,-1,-1,-1
96,3,207.93,255.25,95.12,39.91,0.8319,-1,-1,-1
96,17,624.52,247.87,220.08,120.85,0.9111,-1,-1,-1
96,33,584.27,267.49,70.12,35.84,0.6690,-1,-1,-1
97,3,207.89,255.33,94.84,39.83,0.8228,-1,-1,-1
97,17,611.43,248.11,225.90,123.93,0.9063,-1,-1,-1
97,33,574.45,268.73,66.73,33.78,0.6730,-1,-1,-1
98,3,208.63,255.30,95.30,39.93,0.8101,-1,-1,-1
98,12,490.70,213.82,104.13,58.06,0.2861,-1,-1,-1
98,17,598.96,248.46,230.18,126.10,0.9123,-1,-1,-1
98,33,560.80,268.82,68.75,34.54,0.7353,-1,-1,-1
99,3,209.29,255.28,95.97,40.15,0.7957,-1,-1,-1
99,17,584.89,248.62,238.00,130.53,0.9103,-1,-1,-1
99,33,550.88,269.49,68.38,33.93,0.5567,-1,-1,-1
100,3,209.11,254.96,96.68,40.42,0.8144,-1,-1,-1
100,17,571.36,248.59,242.93,133.15,0.9097,-1,-1,-1
100,33,541.74,269.76,69.58,34.48,0.4085,-1,-1,-1
101,3,207.94,254.66,96.54,40.37,0.7733,-1,-1,-1
101,17,556.69,249.15,247.27,135.33,0.8940,-1,-1,-1
101,33,523.92,270.01,72.90,35.56,0.5602,-1,-1,-1
102,3,207.69,254.71,96.28,40.39,0.7822,-1,-1,-1
102,17,543.21,251.53,251.61,137.43,0.8945,-1,-1,-1
102,33,510.16,270.19,75.28,35.93,0.6851,-1,-1,-1
103,3,207.47,254.90,95.46,40.20,0.8085,-1,-1,-1
103,17,530.04,254.41,252.24,137.05,0.9030,-1,-1,-1
103,33,495.39,270.47,77.78,36.51,0.6457,-1,-1,-1
104,3,207.63,254.94,95.16,40.21,0.7961,-1,-1,-1
104,17,517.26,255.61,258.74,140.51,0.9047,-1,-1,-1
104,33,479.09,271.44,79.92,37.06,0.5082,-1,-1,-1
105,3,207.39,254.97,95.48,40.51,0.8028,-1,-1,-1
105,12,489.53,213.58,106.43,59.50,0.5073,-1,-1,-1
105,17,504.37,256.00,263.23,142.75,0.9004,-1,-1,-1
105,33,459.66,272.15,80.73,37.60,0.7472,-1,-1,-1
106,3,207.25,254.65,95.30,40.53,0.8107,-1,-1,-1
106,12,491.96,213.24,104.47,58.95,0.3576,-1,-1,-1
106,17,490.30,256.22,268.10,145.18,0.9126,-1,-1,-1
106,33,447.67,273.18,81.04,37.27,0.7662,-1,-1,-1
107,3,207.94,254.63,94.97,40.44,0.8186,-1,-1,-1
107,12,490.14,213.01,105.25,59.34,0.4791,-1,-1,-1
107,17,476.08,256.09,274.94,148.81,0.9034,-1,-1,-1
107,33,438.09,273.68,83.03,37.39,0.7898,-1,-1,-1
108,3,208.34,254.82,94.76,40.37,0.7877,-1,-1,-1
108,12,490.65,213.19,104.67,58.99,0.4977,-1,-1,-1
108,17,459.83,258.00,282.01,152.69,0.9072,-1,-1,-1
108,33,424.61,274.53,84.86,37.41,0.7685,-1,-1,-1
109,3,208.56,254.89,94.69,40.36,0.8129,-1,-1,-1
109,12,491.03,213.37,104.32,58.86,0.6005,-1,-1,-1
109,17,445.59,260.18,285.34,154.26,0.8990,-1,-1,-1
109,33,409.96,275.20,87.02,37.61,0.7917,-1,-1,-1
109,44,0.35,281.13,20.23,19.40,0.4436,-1,-1,-1
110,3,208.17,254.53,94.91,40.45,0.8193,-1,-1,-1
110,12,491.39,213.48,103.14,58.24,0.6387,-1,-1,-1
110,17,429.76,264.68,286.64,154.09,0.9121,-1,-1,-1
110,33,396.22,276.72,89.08,37.71,0.7575,-1,-1,-1
110,44,0.00,279.31,21.23,20.86,0.3895,-1,-1,-1
110,47,635.74,256.85,77.32,18.90,0.5387,-1,-1,-1
111,3,208.26,254.77,94.90,40.45,0.8148,-1,-1,-1
111,12,492.21,213.49,102.31,57.76,0.5932,-1,-1,-1
111,17,410.92,269.14,291.75,155.33,0.8948,-1,-1,-1
111,33,383.80,278.33,89.26,37.19,0.7853,-1,-1,-1
111,44,0.00,279.82,21.15,20.40,0.4678,-1,-1,-1
111,47,623.61,257.17,79.29,19.40,0.4263,-1,-1,-1
111,51,924.33,218.71,34.49,51.48,0.3924,-1,-1,-1
112,3,208.45,254.81,95.18,40.60,0.8242,-1,-1,-1
112,12,492.82,213.43,101.70,57.46,0.3565,-1,-1,-1
112,17,393.27,272.73,295.86,155.78,0.9096,-1,-1,-1
112,33,367.67,278.83,91.53,37.43,0.8056,-1,-1,-1
112,44,0.00,279.64,21.44,20.86,0.4324,-1,-1,-1
112,47,606.62,257.21,86.54,21.23,0.3837,-1,-1,-1
112,51,921.09,215.74,36.63,54.53,0.4936,-1,-1,-1
113,3,208.60,254.69,95.08,40.56,0.8228,-1,-1,-1
113,12,493.98,212.49,102.09,58.13,0.2797,-1,-1,-1
113,17,374.79,274.48,302.09,157.35,0.9085,-1,-1,-1
113,33,352.42,279.41,92.78,37.24,0.7243,-1,-1,-1
113,44,0.00,279.79,21.58,20.79,0.3458,-1,-1,-1
113,47,586.24,257.28,95.39,23.38,0.3919,-1,-1,-1
113,51,918.57,215.81,37.07,54.78,0.5457,-1,-1,-1
114,3,209.07,254.84,94.59,40.34,0.8256,-1,-1,-1
114,12,493.49,212.29,102.80,58.83,0.4561,-1,-1,-1
114,17,356.62,277.22,309.26,159.36,0.9092,-1,-1,-1
114,33,336.59,280.14,96.10,38.01,0.7979,-1,-1,-1
114,44,0.00,279.01,22.07,21.74,0.4014,-1,-1,-1
114,47,574.01,257.78,99.84,24.62,0.4453,-1,-1,-1
114,51,915.53,215.44,38.06,55.49,0.6039,-1,-1,-1
115,3,208.86,254.73,94.76,40.44,0.8058,-1,-1,-1
115,12,494.46,212.27,100.77,57.89,0.4143,-1,-1,-1
115,17,336.11,278.56,321.18,164.08,0.9103,-1,-1,-1
115,33,321.63,281.82,97.11,37.81,0.7811,-1,-1,-1
115,44,0.00,280.14,21.32,20.62,0.4517,-1,-1,-1
115,47,560.34,258.44,101.56,25.26,0.4783,-1,-1,-1
115,51,912.17,215.32,39.41,56.34,0.5424,-1,-1,-1
116,3,208.95,254.79,94.53,40.35,0.8009,-1,-1,-1
116,12,494.88,212.16,99.53,57.19,0.3519,-1,-1,-1
116,17,319.18,281.26,325.64,164.56,0.9022,-1,-1,-1
116,33,304.35,281.75,101.80,39.33,0.7717,-1,-1,-1
116,44,0.09,280.67,20.83,20.05,0.4633,-1,-1,-1
116,47,544.96,259.20,104.41,26.17,0.5689,-1,-1,-1
116,51,909.37,215.36,40.95,57.03,0.6381,-1,-1,-1
117,3,209.00,254.87,93.94,40.10,0.7805,-1,-1,-1
117,17,296.72,281.35,339.61,170.63,0.9170,-1,-1,-1
117,33,285.96,280.90,107.54,41.37,0.7724,-1,-1,-1
117,44,0.06,280.75,20.68,19.92,0.3748,-1,-1,-1
117,47,533.21,260.81,106.54,27.20,0.4915,-1,-1,-1
117,51,906.40,215.65,42.56,57.37,0.6888,-1,-1,-1
118,3,209.70,255.23,92.27,39.26,0.7733,-1,-1,-1
118,17,276.63,282.07,351.70,176.09,0.9223,-1,-1,-1
118,33,271.20,281.30,107.87,41.18,0.7610,-1,-1,-1
118,44,0.00,280.50,20.76,20.07,0.3606,-1,-1,-1
118,47,529.50,262.48,99.60,25.96,0.3834,-1,-1,-1
118,51,902.09,216.02,44.85,57.98,0.6804,-1,-1,-1
119,3,210.58,255.45,90.74,38.46,0.8200,-1,-1,-1
119,17,256.74,284.15,359.00,178.81,0.8956,-1,-1,-1
119,33,255.26,283.19,109.85,41.59,0.7333,-1,-1,-1
119,44,0.00,279.76,21.24,21.02,0.4226,-1,-1,-1
119,51,898.03,216.88,47.05,58.01,0.7189,-1,-1,-1
120,3,210.74,255.86,90.12,38.04,0.8456,-1,-1,-1
120,17,235.51,286.94,368.62,182.34,0.9087,-1,-1,-1
120,33,238.93,284.26,110.70,41.67,0.7233,-1,-1,-1
120,44,0.00,277.64,22.41,23.40,0.3832,-1,-1,-1
120,47,477.00,264.62,122.41,32.32,0.6303,-1,-1,-1
120,51,893.24,217.31,49.40,58.01,0.6627,-1,-1,-1
121,3,211.70,256.24,87.85,36.78,0.7278,-1,-1,-1
121,17,215.80,290.11,377.06,185.71,0.9122,-1,-1,-1
121,33,222.78,285.85,111.20,41.51,0.7475,-1,-1,-1
121,44,0.00,279.87,21.56,21.61,0.3866,-1,-1,-1
121,47,458.03,265.19,125.95,33.73,0.6381,-1,-1,-1
121,51,887.11,217.76,51.36,57.78,0.6155,-1,-1,-1
122,3,211.99,256.28,87.61,36.37,0.7014,-1,-1,-1
122,17,193.71,294.51,383.56,187.73,0.9147,-1,-1,-1
122,33,205.28,286.40,114.55,42.70,0.7427,-1,-1,-1
122,44,0.00,280.38,21.68,21.94,0.2699,-1,-1,-1
122,47,434.99,265.72,129.72,35.79,0.7050,-1,-1,-1
122,51,880.26,218.17,53.98,58.16,0.7233,-1,-1,-1
123,3,211.22,256.23,88.88,36.71,0.7761,-1,-1,-1
123,17,165.74,295.52,398.23,194.06,0.9215,-1,-1,-1
123,33,188.33,287.48,115.36,42.87,0.7572,-1,-1,-1
123,47,417.54,265.25,137.77,39.09,0.8016,-1,-1,-1
123,51,873.99,218.76,56.29,58.38,0.7513,-1,-1,-1
124,3,209.47,256.03,92.28,38.05,0.7745,-1,-1,-1
124,17,140.28,298.75,407.82,197.19,0.9234,-1,-1,-1
124,33,170.85,288.52,116.84,43.30,0.7950,-1,-1,-1
124,47,405.75,265.83,139.26,40.30,0.8379,-1,-1,-1
124,51,867.14,219.00,59.13,59.38,0.7437,-1,-1,-1
125,3,208.94,256.06,94.05,38.84,0.7496,-1,-1,-1
125,17,116.51,300.34,422.51,203.79,0.9140,-1,-1,-1
125,33,154.04,290.49,117.56,43.38,0.7986,-1,-1,-1
125,47,393.23,266.99,138.78,40.92,0.8767,-1,-1,-1
125,51,861.07,219.27,61.16,59.68,0.7447,-1,-1,-1
126,3,208.70,255.95,94.87,39.23,0.7761,-1,-1,-1
126,17,86.86,303.87,433.10,207.46,0.9222,-1,-1,-1
126,33,136.26,291.80,118.95,43.75,0.7973,-1,-1,-1
126,47,377.35,267.66,142.81,43.06,0.8599,-1,-1,-1
126,51,853.43,219.77,63.16,59.75,0.7159,-1,-1,-1
127,3,208.67,256.04,94.83,39.25,0.7502,-1,-1,-1
127,17,55.75,305.93,451.45,215.08,0.9159,-1,-1,-1
127,33,119.59,293.87,118.78,43.44,0.8117,-1,-1,-1
127,47,361.95,268.16,148.28,45.88,0.8436,-1,-1,-1
127,51,847.48,219.86,65.13,59.93,0.7413,-1,-1,-1
128,3,208.45,256.14,95.53,39.64,0.7939,-1,-1,-1
128,17,30.83,309.26,463.44,219.69,0.9135,-1,-1,-1
128,33,101.98,295.67,120.96,44.00,0.8173,-1,-1,-1
128,47,347.49,269.10,147.93,46.72,0.8500,-1,-1,-1
128,51,840.57,219.97,67.43,60.42,0.7036,-1,-1,-1
129,3,208.58,256.21,95.25,39.58,0.7879,-1,-1,-1
129,17,6.76,311.77,476.78,225.54,0.9216,-1,-1,-1
129,33,83.90,296.99,122.24,44.26,0.8370,-1,-1,-1
129,47,334.53,270.56,144.57,46.44,0.8548,-1,-1,-1
129,51,833.61,220.40,69.96,61.16,0.7052,-1,-1,-1
130,3,208.28,256.14,95.77,39.89,0.7900,-1,-1,-1
130,17,0.00,313.56,473.78,226.44,0.9171,-1,-1,-1
130,33,63.98,297.51,125.64,45.40,0.8410,-1,-1,-1
130,47,318.27,271.16,147.21,48.21,0.8668,-1,-1,-1
130,51,826.75,220.95,71.64,61.25,0.7339,-1,-1,-1
131,3,208.33,256.26,95.92,40.05,0.7034,-1,-1,-1
131,17,0.00,315.07,464.16,224.93,0.9230,-1,-1,-1
131,33,46.00,299.61,125.91,45.28,0.8603,-1,-1,-1
131,47,302.97,271.52,148.59,49.56,0.8464,-1,-1,-1
131,51,820.32,221.17,73.99,62.18,0.6978,-1,-1,-1
132,3,208.33,256.35,95.40,39.91,0.7409,-1,-1,-1
132,17,0.00,319.05,449.47,220.95,0.9256,-1,-1,-1
132,33,25.13,301.10,130.23,46.88,0.8428,-1,-1,-1
132,47,286.17,272.04,151.24,51.39,0.8507,-1,-1,-1
132,51,813.25,221.72,75.78,62.51,0.7288,-1,-1,-1
133,3,208.33,256.31,95.44,40.01,0.7047,-1,-1,-1
133,17,0.00,323.57,436.07,216.43,0.9212,-1,-1,-1
133,33,5.43,302.91,132.13,47.57,0.8507,-1,-1,-1
133,47,272.05,272.68,150.02,51.85,0.8598,-1,-1,-1
133,51,806.43,222.20,77.08,62.52,0.7535,-1,-1,-1
134,3,208.97,256.51,94.75,39.77,0.7491,-1,-1,-1
134,17,0.00,326.37,423.79,213.63,0.9213,-1,-1,-1
134,33,0.00,304.11,123.76,48.08,0.8290,-1,-1,-1
134,47,258.28,274.47,147.43,51.71,0.8302,-1,-1,-1
134,51,799.17,222.73,78.33,62.60,0.7492,-1,-1,-1
135,3,210.69,256.96,92.91,39.18,0.7256,-1,-1,-1
135,17,0.00,329.65,410.18,210.35,0.9307,-1,-1,-1
135,33,0.00,306.03,111.81,47.96,0.8287,-1,-1,-1
135,47,247.45,274.95,137.82,48.65,0.8107,-1,-1,-1
135,51,791.12,223.26,79.97,62.76,0.7341,-1,-1,-1
136,3,210.39,256.97,91.29,38.46,0.7836,-1,-1,-1
136,17,0.00,333.82,394.54,206.18,0.9261,-1,-1,-1
136,33,0.00,307.06,100.50,48.18,0.7823,-1,-1,-1
136,47,230.34,275.96,139.67,49.93,0.7985,-1,-1,-1
136,51,783.80,223.40,82.01,63.46,0.7520,-1,-1,-1
136,56,686.90,517.09,129.69,22.91,0.5968,-1,-1,-1
137,3,210.37,257.01,90.15,37.97,0.7542,-1,-1,-1
137,17,0.00,337.01,379.39,202.99,0.9158,-1,-1,-1
137,33,0.00,307.31,87.51,47.13,0.7531,-1,-1,-1
137,47,214.94,277.47,139.49,50.22,0.8159,-1,-1,-1
137,51,775.78,223.72,83.96,63.96,0.7370,-1,-1,-1
137,56,682.12,511.17,162.29,28.83,0.6355,-1,-1,-1
138,3,214.30,257.17,85.71,35.94,0.3019,-1,-1,-1
138,17,0.00,340.19,363.75,199.81,0.9234,-1,-1,-1
138,33,0.00,311.54,70.32,42.56,0.7423,-1,-1,-1
138,47,198.55,278.36,141.77,51.55,0.8174,-1,-1,-1
138,51,768.10,224.06,85.83,64.50,0.7264,-1,-1,-1
138,56,678.36,505.47,192.45,34.53,0.6905,-1,-1,-1
139,3,227.37,256.54,65.89,26.32,0.4999,-1,-1,-1
139,17,0.00,343.62,346.76,196.38,0.9197,-1,-1,-1
139,47,180.65,278.49,145.25,53.38,0.8275,-1,-1,-1
139,51,760.98,224.07,87.66,65.27,0.6949,-1,-1,-1
139,56,670.03,498.53,227.41,41.47,0.7367,-1,-1,-1
140,3,227.81,256.75,66.38,25.93,0.5656,-1,-1,-1
140,17,0.00,346.48,329.76,193.52,0.9324,-1,-1,-1
140,47,164.78,280.18,144.13,53.47,0.8585,-1,-1,-1
140,51,753.88,225.04,88.43,65.17,0.7317,-1,-1,-1
140,56,665.83,492.93,252.61,47.07,0.7753,-1,-1,-1
141,3,215.73,256.59,89.33,35.40,0.7697,-1,-1,-1
141,17,0.00,350.19,311.15,189.81,0.9255,-1,-1,-1
141,47,148.25,281.62,144.99,54.29,0.8756,-1,-1,-1
141,51,746.13,225.85,89.38,65.19,0.7201,-1,-1,-1
141,56,663.44,487.36,274.88,52.64,0.7943,-1,-1,-1
142,3,211.08,256.41,96.78,38.85,0.7521,-1,-1,-1
142,17,0.00,354.00,292.15,186.00,0.9292,-1,-1,-1
142,47,131.69,283.25,144.69,54.53,0.8773,-1,-1,-1
142,51,738.75,226.65,90.21,65.12,0.7297,-1,-1,-1
142,56,663.77,481.91,293.39,58.09,0.8327,-1,-1,-1
143,3,207.36,256.41,99.70,40.28,0.7879,-1,-1,-1
143,17,0.00,358.26,273.04,181.74,0.9274,-1,-1,-1
143,47,114.27,284.19,146.12,55.46,0.8813,-1,-1,-1
143,51,730.61,227.22,91.77,65.55,0.7641,-1,-1,-1
143,56,665.59,476.59,294.41,63.41,0.8271,-1,-1,-1
144,3,205.49,256.45,100.34,40.66,0.7961,-1,-1,-1
144,17,0.00,362.87,253.05,177.13,0.9311,-1,-1,-1
144,47,97.98,286.09,144.89,55.15,0.8688,-1,-1,-1
144,51,722.29,227.73,92.77,65.61,0.8051,-1,-1,-1
144,56,669.51,471.57,290.49,68.43,0.8549,-1,-1,-1
145,3,204.72,256.36,100.70,40.93,0.8182,-1,-1,-1
145,17,0.00,366.55,233.63,173.45,0.9007,-1,-1,-1
145,47,79.63,286.69,146.95,56.21,0.8668,-1,-1,-1
145,51,714.15,227.91,94.22,65.93,0.7807,-1,-1,-1
145,56,674.83,466.53,285.17,73.47,0.8593,-1,-1,-1
146,3,205.24,256.42,100.17,40.84,0.8047,-1,-1,-1
146,17,0.00,371.16,212.62,168.84,0.8655,-1,-1,-1
146,47,62.30,286.87,148.97,57.20,0.8615,-1,-1,-1
146,51,706.33,228.07,95.44,66.11,0.7854,-1,-1,-1
146,56,680.63,461.20,279.37,78.80,0.8668,-1,-1,-1
147,3,205.74,256.49,99.29,40.62,0.7900,-1,-1,-1
147,17,0.00,375.76,189.94,164.24,0.8840,-1,-1,-1
147,47,43.47,287.59,150.88,58.23,0.8692,-1,-1,-1
147,51,697.33,228.43,96.85,66.53,0.7987,-1,-1,-1
147,56,689.19,456.98,270.81,83.02,0.8704,-1,-1,-1
148,3,206.32,256.62,99.04,40.68,0.8102,-1,-1,-1
148,17,0.00,379.98,167.59,160.02,0.7196,-1,-1,-1
148,47,23.33,288.46,154.44,60.03,0.8478,-1,-1,-1
148,51,689.15,229.19,97.52,66.31,0.8101,-1,-1,-1
148,56,700.23,452.10,259.77,86.40,0.8710,-1,-1,-1
149,3,207.37,256.78,98.52,40.62,0.8205,-1,-1,-1
149,44,0.72,283.73,20.10,19.39,0.2979,-1,-1,-1
149,47,4.05,289.40,157.10,61.58,0.8554,-1,-1,-1
149,51,680.90,229.39,99.08,66.70,0.8108,-1,-1,-1
149,56,715.49,447.36,244.51,87.26,0.8779,-1,-1,-1
150,3,207.73,257.01,98.23,40.68,0.8242,-1,-1,-1
150,47,0.00,291.50,145.86,61.45,0.8605,-1,-1,-1
150,51,672.34,229.93,100.13,66.94,0.7871,-1,-1,-1
150,56,732.11,442.68,227.89,87.10,0.8806,-1,-1,-1
151,3,207.43,256.83,97.50,40.48,0.8329,-1,-1,-1
151,47,0.00,293.43,132.40,60.72,0.8492,-1,-1,-1
151,51,662.61,230.38,101.53,67.27,0.7747,-1,-1,-1
151,56,749.30,438.62,210.70,85.39,0.8729,-1,-1,-1
152,3,207.51,256.92,97.16,40.44,0.8304,-1,-1,-1
152,47,0.00,294.97,120.75,60.53,0.8583,-1,-1,-1
152,51,653.19,230.73,102.78,67.52,0.7801,-1,-1,-1
152,56,767.01,434.41,192.99,82.85,0.8696,-1,-1,-1
153,3,207.74,257.03,97.18,40.51,0.8271,-1,-1,-1
153,47,0.00,296.59,106.16,57.60,0.8474,-1,-1,-1
153,51,643.93,230.89,104.51,68.14,0.8050,-1,-1,-1
153,56,782.40,430.22,177.60,81.29,0.8610,-1,-1,-1
154,3,207.80,257.12,97.15,40.57,0.8479,-1,-1,-1
154,47,0.00,297.63,94.25,56.89,0.8396,-1,-1,-1
154,51,634.24,231.02,106.12,68.68,0.7296,-1,-1,-1
154,56,796.54,426.43,163.46,79.77,0.8642,-1,-1,-1
155,3,207.93,257.11,97.45,40.82,0.8420,-1,-1,-1
155,44,1.58,283.68,18.70,17.07,0.3598,-1,-1,-1
155,47,0.00,299.80,80.25,55.72,0.7823,-1,-1,-1
155,51,624.48,231.22,107.41,69.09,0.7410,-1,-1,-1
155,56,809.60,422.51,150.40,77.60,0.8690,-1,-1,-1
156,3,207.98,257.21,97.44,40.93,0.8456,-1,-1,-1
156,51,614.43,231.53,108.99,69.53,0.7451,-1,-1,-1
156,56,820.19,418.89,139.81,76.63,0.8658,-1,-1,-1
157,3,208.24,257.49,97.05,40.87,0.8221,-1,-1,-1
157,44,0.88,284.97,20.97,19.41,0.3313,-1,-1,-1
157,51,604.71,232.04,110.20,69.76,0.7926,-1,-1,-1
157,56,828.67,415.14,131.33,76.40,0.8553,-1,-1,-1
158,3,208.08,257.68,97.41,41.21,0.8348,-1,-1,-1
158,44,0.38,284.72,21.65,20.25,0.2737,-1,-1,-1
158,51,595.36,232.73,110.90,69.72,0.7093,-1,-1,-1
158,56,837.88,411.45,122.12,75.16,0.8611,-1,-1,-1
159,3,208.21,257.72,96.40,40.86,0.8399,-1,-1,-1
159,44,0.00,284.55,21.61,20.45,0.2887,-1,-1,-1
159,51,585.41,233.65,111.83,69.85,0.7311,-1,-1,-1
159,56,848.83,408.32,111.17,71.79,0.8621,-1,-1,-1
160,3,208.31,257.70,95.90,40.70,0.8416,-1,-1,-1
160,44,0.00,284.44,21.43,20.56,0.3271,-1,-1,-1
160,51,573.95,234.26,112.99,69.87,0.6369,-1,-1,-1
160,56,856.69,404.70,103.31,70.98,0.8276,-1,-1,-1
161,3,208.46,257.72,95.77,40.73,0.8470,-1,-1,-1
161,44,0.00,284.15,21.58,20.86,0.3012,-1,-1,-1
161,51,563.00,234.22,115.35,70.82,0.7180,-1,-1,-1
161,56,865.04,401.19,94.96,69.45,0.8212,-1,-1,-1
162,3,208.33,257.84,95.90,40.91,0.8498,-1,-1,-1
162,44,0.00,283.83,21.75,21.22,0.2802,-1,-1,-1
162,51,552.24,233.89,117.72,71.93,0.5631,-1,-1,-1
162,56,874.27,398.44,85.73,66.60,0.8308,-1,-1,-1
163,3,208.28,257.94,95.99,41.07,0.8406,-1,-1,-1
163,51,543.13,234.48,118.97,72.69,0.5470,-1,-1,-1
163,56,881.20,395.48,78.80,65.87,0.8409,-1,-1,-1
164,3,208.21,258.04,95.73,41.03,0.8391,-1,-1,-1
164,44,0.00,284.54,21.34,20.68,0.2996,-1,-1,-1
164,51,532.79,234.85,118.93,72.28,0.5511,-1,-1,-1
164,56,886.92,393.09,73.08,65.87,0.8360,-1,-1,-1
165,3,208.25,258.16,95.44,40.96,0.8343,-1,-1,-1
165,44,0.00,284.62,21.17,20.46,0.3158,-1,-1,-1
165,51,520.67,235.09,121.10,73.34,0.5716,-1,-1,-1
165,56,895.13,390.49,64.87,62.96,0.8013,-1,-1,-1
166,3,208.26,258.10,95.23,40.89,0.8420,-1,-1,-1
166,44,0.12,285.18,20.75,20.02,0.2774,-1,-1,-1
166,51,507.29,235.02,124.67,75.21,0.5973,-1,-1,-1
166,56,902.58,387.94,57.42,60.70,0.7829,-1,-1,-1
167,3,208.16,257.93,94.65,40.62,0.8476,-1,-1,-1
167,44,0.00,284.99,20.62,19.99,0.3550,-1,-1,-1
167,51,495.45,234.35,127.09,76.58,0.6900,-1,-1,-1
167,56,908.58,385.51,51.42,59.43,0.7661,-1,-1,-1
168,3,208.10,257.79,94.54,40.58,0.8467,-1,-1,-1
168,44,0.00,284.87,20.38,19.96,0.3450,-1,-1,-1
168,51,483.81,233.48,129.59,77.94,0.5067,-1,-1,-1
169,3,207.88,257.90,94.90,40.78,0.8486,-1,-1,-1
169,44,0.00,284.49,20.80,20.66,0.3611,-1,-1,-1
169,51,472.14,232.76,131.49,79.17,0.5703,-1,-1,-1
169,66,943.26,385.57,16.74,54.38,0.5266,-1,-1,-1
170,3,207.80,257.86,95.01,40.87,0.8493,-1,-1,-1
170,44,0.00,285.07,20.49,20.24,0.3264,-1,-1,-1
170,51,460.89,232.95,132.89,79.97,0.5088,-1,-1,-1
170,66,946.63,389.54,13.37,46.42,0.4753,-1,-1,-1
171,3,207.93,257.80,94.70,40.73,0.8470,-1,-1,-1
171,44,0.00,284.93,20.30,20.20,0.3558,-1,-1,-1
171,51,450.13,235.50,131.06,78.59,0.6543,-1,-1,-1
172,3,207.89,257.68,94.35,40.55,0.8486,-1,-1,-1
172,51,438.97,236.60,130.81,78.12,0.7555,-1,-1,-1
173,3,207.96,257.64,94.11,40.44,0.8509,-1,-1,-1
173,44,0.00,284.51,20.33,20.50,0.3163,-1,-1,-1
173,51,428.10,237.83,130.49,77.46,0.5021,-1,-1,-1
174,3,207.79,257.62,94.34,40.54,0.8494,-1,-1,-1
174,44,0.00,284.58,20.24,20.45,0.4084,-1,-1,-1
174,51,414.90,239.56,128.09,76.19,0.4189,-1,-1,-1
175,3,207.75,257.57,94.30,40.50,0.8468,-1,-1,-1
175,44,0.00,284.57,19.97,20.28,0.4058,-1,-1,-1
175,51,405.11,240.27,128.82,76.20,0.5762,-1,-1,-1
176,3,207.33,257.44,94.19,40.41,0.8432,-1,-1,-1
176,51,394.69,240.37,130.47,76.74,0.6831,-1,-1,-1
177,3,207.73,257.50,94.21,40.44,0.8497,-1,-1,-1
177,51,383.06,240.78,131.99,77.51,0.7416,-1,-1,-1
178,3,208.17,257.67,93.99,40.34,0.8479,-1,-1,-1
178,51,371.59,240.79,132.04,77.24,0.6312,-1,-1,-1
179,3,207.99,257.42,94.14,40.42,0.8486,-1,-1,-1
179,51,359.05,240.73,134.35,78.30,0.6450,-1,-1,-1
180,3,207.66,256.94,94.36,40.54,0.8473,-1,-1,-1
180,51,347.10,240.81,134.55,78.11,0.6439,-1,-1,-1
181,3,207.83,256.62,94.49,40.60,0.8361,-1,-1,-1
181,51,335.67,240.80,134.88,77.96,0.8070,-1,-1,-1
182,3,208.07,256.46,94.14,40.42,0.8422,-1,-1,-1
182,51,324.59,240.37,135.78,78.12,0.6494,-1,-1,-1
183,3,208.67,256.37,93.84,40.26,0.8360,-1,-1,-1
183,51,313.10,240.49,136.29,78.14,0.7905,-1,-1,-1
184,3,209.39,256.55,93.98,40.28,0.8405,-1,-1,-1
184,51,302.38,240.92,136.08,77.60,0.8288,-1,-1,-1
185,3,209.36,257.05,93.79,40.29,0.8195,-1,-1,-1
185,51,291.78,242.34,136.16,77.23,0.8506,-1,-1,-1
186,3,208.87,257.05,92.07,39.70,0.8106,-1,-1,-1
186,51,280.18,243.96,136.16,76.75,0.7593,-1,-1,-1
187,3,209.40,257.27,88.15,38.02,0.7804,-1,-1,-1
187,51,266.99,244.58,139.23,78.21,0.8000,-1,-1,-1
188,3,208.41,257.49,85.88,37.24,0.6967,-1,-1,-1
188,51,254.17,244.99,141.92,79.55,0.5835,-1,-1,-1
189,3,202.93,257.77,83.44,37.06,0.5654,-1,-1,-1
189,51,243.17,245.75,142.08,79.03,0.5957,-1,-1,-1
190,3,199.09,257.74,80.85,37.06,0.4177,-1,-1,-1
190,51,231.57,246.51,142.11,78.68,0.6782,-1,-1,-1
