1,1,51.01,51.43,126.69,73.13,1,1,1.0
1,2,91.0,0.0,230.41000000000003,67.59,1,1,1.0
1,3,312.05,0.0,403.05,120.31,1,1,1.0
1,4,0.0,9.77,22.95,39.959999999999994,1,1,1.0
2,1,31.45,45.48,126.7,73.13,1,1,1.0
2,2,91.0,0.0,230.41000000000003,67.5,1,1,1.0
2,3,311.2,0.0,403.05,119.46,1,1,1.0
2,4,0.0,9.77,14.4,39.959999999999994,1,1,1.0
3,1,11.89,43.78,126.7,73.13,1,1,1.0
3,2,91.0,0.0,230.41000000000003,67.42,1,1,1.0
3,3,310.35,0.0,403.04999999999995,118.61,1,1,1.0
3,4,0.0,9.77,4.2,39.959999999999994,1,1,1.0
4,1,0.0,41.23,121.58,73.13,1,1,1.0
4,2,91.0,0.0,230.41000000000003,67.33,1,1,1.0
4,3,309.5,0.0,403.04999999999995,117.76,1,1,1.0
5,1,0.0,37.83,103.73,73.13,1,1,1.0
5,2,91.0,0.0,230.41000000000003,67.24,1,1,1.0
5,3,308.65,0.0,403.05000000000007,116.91,1,1,1.0
6,1,0.0,36.98,83.32,73.13,1,1,1.0
6,2,91.0,0.0,230.41000000000003,67.16,1,1,1.0
6,3,308.41,0.0,403.05,116.79,1,1,1.0
7,1,0.0,34.43,63.76,73.13,1,1,1.0
7,2,91.0,0.0,230.41000000000003,67.07,1,1,1.0
7,3,308.17,0.0,403.04,116.67,1,1,1.0
8,1,0.0,32.73,45.91,73.12,1,1,1.0
8,2,91.0,0.0,230.41000000000003,66.98,1,1,1.0
8,3,307.92,0.0,403.05,116.54,1,1,1.0
9,1,0.0,28.48,34.0,73.11999999999999,1,1,1.0
9,2,91.0,0.0,230.41000000000003,66.9,1,1,1.0
9,3,307.68,0.0,403.05,116.42,1,1,1.0
10,1,0.0,25.92,17.0,73.13,1,1,1.0
10,5,912.37,186.63,47.629999999999995,86.74000000000001,1,1,1.0
10,2,91.0,0.0,230.41000000000003,66.81,1,1,1.0
10,3,307.44,0.0,403.04,116.3,1,1,1.0
11,5,864.8,186.63,95.20000000000005,86.74000000000001,1,1,1.0
11,2,91.0,0.0,230.41000000000003,66.73,1,1,1.0
11,3,307.2,0.0,403.04,116.18,1,1,1.0
12,5,812.1,171.33,147.89999999999998,96.97,1,1,1.0
12,2,91.0,0.0,230.41000000000003,66.64,1,1,1.0
12,3,306.95,0.0,403.05,116.06,1,1,1.0
13,5,777.24,156.02,182.76,113.17999999999998,1,1,1.0
13,2,91.0,0.0,230.41000000000003,66.55,1,1,1.0
13,3,306.39,0.0,403.03999999999996,115.92,1,1,1.0
14,5,730.5,143.3,229.5,133.59999999999997,1,1,1.0
14,6,0.0,174.73,22.1,58.670000000000016,1,1,1.0
14,2,91.0,0.0,230.41000000000003,66.47,1,1,1.0
14,3,305.82,0.0,403.04,115.77,1,1,1.0
15,5,684.6,135.65,274.54999999999995,131.85,1,1,1.0
15,6,0.85,161.97,38.25,88.43,1,1,1.0
15,2,91.0,0.0,230.41000000000003,66.38,1,1,1.0
15,3,305.25,0.0,403.04999999999995,115.63,1,1,1.0
16,5,652.25,133.9,280.53999999999996,120.79999999999998,1,1,1.0
16,6,0.85,161.97,54.449999999999996,99.53,1,1,1.0
16,2,91.0,0.0,230.41000000000003,66.29,1,1,1.0
16,3,304.69,0.0,403.04,115.49,1,1,1.0
17,5,614.8,124.6,274.62,116.5,1,1,1.0
17,6,0.85,160.27,77.45,115.72999999999999,1,1,1.0
17,2,91.0,0.0,230.41000000000003,66.21,1,1,1.0
17,3,304.12,0.0,403.03999999999996,115.35,1,1,1.0
18,5,573.2,116.1,273.69999999999993,118.20000000000002,1,1,1.0
18,6,0.85,160.27,97.05000000000001,128.53,1,1,1.0
18,2,91.0,0.0,230.41000000000003,66.12,1,1,1.0
18,3,303.55,0.0,403.05,115.21,1,1,1.0
19,5,541.7,102.5,257.5899999999999,119.08000000000001,1,1,1.0
19,6,2.55,166.23,119.15,137.07000000000002,1,1,1.0
19,2,91.0,0.0,230.41000000000003,66.03,1,1,1.0
19,3,303.55,0.0,403.05,115.21,1,1,1.0
20,5,515.3,103.4,240.63,109.68,1,1,1.0
20,6,0.0,176.43,148.1,137.07,1,1,1.0
20,2,91.0,0.0,230.41000000000003,65.95,1,1,1.0
20,3,303.55,0.0,403.05,115.21,1,1,1.0
21,5,475.33,95.75,240.63000000000005,109.68,1,1,1.0
21,6,2.55,182.38,170.25,149.82,1,1,1.0
21,2,91.0,0.0,230.41000000000003,65.86,1,1,1.0
21,3,303.55,0.0,403.05,115.21,1,1,1.0
22,5,443.9,94.9,237.20000000000005,103.72999999999999,1,1,1.0
22,6,0.0,190.04,202.6,155.76000000000002,1,1,1.0
22,2,91.0,0.0,230.41000000000003,65.77,1,1,1.0
22,3,303.55,0.0,403.05,115.21,1,1,1.0
23,5,420.05,88.1,221.07999999999998,103.72,1,1,1.0
23,6,6.8,198.54,226.39999999999998,158.35999999999999,1,1,1.0
23,2,91.0,0.0,230.41000000000003,65.69,1,1,1.0
23,3,303.55,0.0,403.05,115.21,1,1,1.0
24,5,388.59,83.85,221.07999999999998,103.72,1,1,1.0
24,6,33.16,207.89,233.23999999999998,166.91000000000003,1,1,1.0
24,2,91.0,0.0,230.41000000000003,65.6,1,1,1.0
24,3,303.55,0.0,403.05,115.21,1,1,1.0
25,5,370.7,81.3,207.51000000000005,98.61999999999999,1,1,1.0
25,6,56.97,219.8,246.03,176.3,1,1,1.0
25,2,91.0,0.0,230.41000000000003,65.51,1,1,1.0
25,3,303.55,0.0,403.05,115.21,1,1,1.0
26,5,346.0,78.7,199.89999999999998,91.86999999999999,1,1,1.0
26,6,85.03,230.85,257.07000000000005,185.65,1,1,1.0
26,2,91.0,0.0,230.41000000000003,65.43,1,1,1.0
26,3,303.55,0.0,403.05,115.21,1,1,1.0
27,5,326.4,75.3,190.59000000000003,90.16000000000001,1,1,1.0
27,6,106.29,236.8,285.10999999999996,204.39999999999998,1,1,1.0
27,2,91.0,0.0,230.41000000000003,65.34,1,1,1.0
27,3,303.55,0.0,403.05,115.21,1,1,1.0
28,5,302.6,72.75,188.02999999999997,87.61000000000001,1,1,1.0
28,6,136.05,250.41,307.25,216.29,1,1,1.0
28,2,91.0,0.0,230.41000000000003,65.26,1,1,1.0
28,3,303.55,0.0,403.05,115.21,1,1,1.0
29,5,283.9,71.0,179.52000000000004,81.71000000000001,1,1,1.0
29,7,910.7,178.13,49.289999999999964,78.23000000000002,1,1,1.0
29,6,167.51,264.86,333.59000000000003,235.03999999999996,1,1,1.0
29,2,91.0,0.0,230.41000000000003,65.17,1,1,1.0
29,3,303.55,0.0,403.05,115.21,1,1,1.0
30,5,263.5,65.9,174.41000000000003,80.85999999999999,1,1,1.0
30,7,858.0,178.13,101.99000000000001,74.87,1,1,1.0
30,6,209.17,283.57,357.43000000000006,249.53000000000003,1,1,1.0
30,2,91.0,0.0,230.41000000000003,65.08,1,1,1.0
30,3,303.55,0.0,403.05,115.21,1,1,1.0
31,5,242.24,62.5,174.40999999999997,80.86000000000001,1,1,1.0
31,7,815.5,156.0,144.49,91.0,1,1,1.0
31,6,248.29,298.02,388.9100000000001,241.98000000000002,1,1,1.0
31,2,91.0,0.0,230.41000000000003,65.0,1,1,1.0
31,3,303.55,0.0,403.05,115.21,1,1,1.0
32,5,226.9,62.5,163.4,74.9,1,1,1.0
32,7,765.3,146.6,194.69000000000005,112.29999999999998,1,1,1.0
32,6,293.36,317.58,425.43999999999994,222.42000000000002,1,1,1.0
32,2,91.0,0.0,230.41000000000003,64.91,1,1,1.0
32,3,303.55,0.0,403.05,115.21,1,1,1.0
33,5,209.1,56.5,159.9,77.5,1,1,1.0
33,7,723.6,134.7,236.39,117.4,1,1,1.0
33,6,345.22,340.54,447.5799999999999,199.45999999999998,1,1,1.0
33,2,91.0,0.0,230.41000000000003,64.82,1,1,1.0
33,3,303.55,0.0,403.05,115.21,1,1,1.0
34,5,189.54,51.4,159.9,77.5,1,1,1.0
34,7,684.5,116.0,256.78,121.6,1,1,1.0
34,6,395.39,354.14,489.31000000000006,185.86,1,1,1.0
34,2,91.0,0.0,230.41000000000003,64.74,1,1,1.0
34,3,303.55,0.0,403.05,115.21,1,1,1.0
35,5,176.8,48.8,155.64,75.0,1,1,1.0
35,7,641.98,106.65,256.78999999999996,121.6,1,1,1.0
35,6,456.61,386.46,479.99,153.54000000000002,1,1,1.0
35,2,91.0,0.0,230.41000000000003,64.65,1,1,1.0
35,3,303.55,0.0,403.05,115.21,1,1,1.0
36,5,158.94,47.95,155.64,75.0,1,1,1.0
36,7,608.8,100.7,237.25,114.79,1,1,1.0
36,6,522.09,407.71,437.90999999999997,132.29000000000002,1,1,1.0
36,2,91.0,0.0,230.41000000000003,64.56,1,1,1.0
36,3,303.55,0.0,403.05,115.21,1,1,1.0
37,5,147.9,45.4,145.42,73.30000000000001,1,1,1.0
37,7,572.24,93.05,237.25,114.79,1,1,1.0
37,6,604.57,437.47,355.42999999999995,102.52999999999997,1,1,1.0
37,2,91.0,0.0,230.41000000000003,64.48,1,1,1.0
37,3,303.55,0.0,403.05,115.21,1,1,1.0
38,5,134.3,46.3,142.01999999999998,69.84,1,1,1.0
38,7,539.9,88.8,227.07000000000005,109.69000000000001,1,1,1.0
38,6,703.2,470.64,256.79999999999995,69.36000000000001,1,1,1.0
38,2,91.0,0.0,230.41000000000003,64.39,1,1,1.0
38,3,303.55,0.0,403.05,115.21,1,1,1.0
39,5,121.5,44.6,137.81,65.59,1,1,1.0
39,7,508.4,80.3,219.46000000000004,107.13000000000001,1,1,1.0
39,6,832.45,504.65,127.54999999999995,35.35000000000002,1,1,1.0
39,2,91.0,0.0,230.41000000000003,64.3,1,1,1.0
39,3,303.55,0.0,403.05,115.21,1,1,1.0
40,5,109.6,42.9,129.3,63.04,1,1,1.0
40,7,477.8,77.7,210.08999999999997,100.38000000000001,1,1,1.0
40,2,91.0,0.0,230.41000000000003,64.22,1,1,1.0
40,3,303.55,0.0,403.05,115.21,1,1,1.0
41,5,96.8,39.5,124.25000000000001,60.489999999999995,1,1,1.0
41,7,446.3,75.1,205.87999999999994,96.18,1,1,1.0
41,2,91.0,0.0,230.41000000000003,64.13,1,1,1.0
41,3,303.55,0.0,403.05,115.21,1,1,1.0
42,5,83.2,36.1,124.24,60.49,1,1,1.0
42,7,417.4,71.7,199.07000000000005,92.77,1,1,1.0
42,2,91.0,0.0,230.41000000000003,64.04,1,1,1.0
42,3,303.55,0.0,403.05,115.21,1,1,1.0
43,5,73.8,34.4,119.17999999999999,60.49,1,1,1.0
43,7,392.7,67.4,192.3,89.41999999999999,1,1,1.0
43,2,91.0,0.0,230.41000000000003,63.96,1,1,1.0
43,3,303.55,0.0,403.05,115.21,1,1,1.0
44,5,61.0,31.0,115.83000000000001,60.480000000000004,1,1,1.0
44,7,368.0,62.3,182.99,89.42,1,1,1.0
44,2,91.0,0.0,230.41000000000003,63.87,1,1,1.0
44,3,303.55,0.0,403.05,115.21,1,1,1.0
45,5,51.6,31.9,112.47,59.580000000000005,1,1,1.0
45,7,345.9,59.75,177.02999999999997,86.87,1,1,1.0
45,2,91.0,0.0,230.41000000000003,63.79,1,1,1.0
45,3,303.55,0.0,403.05,115.21,1,1,1.0
46,5,39.7,31.0,110.77,59.629999999999995,1,1,1.0
46,7,322.1,56.3,171.91999999999996,84.36999999999999,1,1,1.0
46,2,91.0,0.0,230.41000000000003,63.7,1,1,1.0
46,3,303.55,0.0,403.05,115.21,1,1,1.0
47,5,28.65,28.45,110.76999999999998,59.629999999999995,1,1,1.0
47,7,299.1,51.2,166.01,82.7,1,1,1.0
47,2,91.0,0.0,230.41000000000003,63.61,1,1,1.0
47,3,303.55,0.0,403.05,115.21,1,1,1.0
48,5,20.14,27.6,110.77,59.63,1,1,1.0
48,7,279.55,48.6,160.05,80.20000000000002,1,1,1.0
48,2,91.0,0.0,230.41000000000003,63.53,1,1,1.0
48,3,303.55,0.0,403.05,115.21,1,1,1.0
49,5,9.94,25.05,110.77,59.63000000000001,1,1,1.0
49,7,259.1,47.7,154.14,79.39999999999999,1,1,1.0
49,2,91.0,0.0,230.41000000000003,63.44,1,1,1.0
49,3,303.55,0.0,403.05,115.21,1,1,1.0
50,5,0.0,22.5,102.85,59.629999999999995,1,1,1.0
50,7,243.8,44.3,149.89,78.55,1,1,1.0
50,2,91.0,0.0,230.41000000000003,63.35,1,1,1.0
50,3,303.55,0.0,403.05,115.21,1,1,1.0
51,5,0.0,19.94,96.05,59.64,1,1,1.0
51,7,222.54,39.2,149.89000000000001,78.53999999999999,1,1,1.0
51,2,91.0,0.0,230.41000000000003,63.27,1,1,1.0
51,3,303.55,0.0,403.05,115.21,1,1,1.0
52,5,0.0,17.39,85.85,59.64,1,1,1.0
52,7,206.4,36.6,143.07000000000002,76.88999999999999,1,1,1.0
52,2,91.0,0.0,230.41000000000003,63.18,1,1,1.0
52,3,303.55,0.0,403.05,115.21,1,1,1.0
53,5,0.0,14.84,74.79,59.64,1,1,1.0
53,7,189.4,35.7,140.51000000000002,75.24,1,1,1.0
53,2,91.0,0.0,230.41000000000003,63.09,1,1,1.0
53,3,303.55,0.0,403.05,115.21,1,1,1.0
54,5,0.0,16.54,64.59,59.64000000000001,1,1,1.0
54,7,174.1,34.0,134.54999999999998,75.24,1,1,1.0
54,2,91.0,0.0,230.41000000000003,63.01,1,1,1.0
54,3,303.55,0.0,403.05,115.21,1,1,1.0
55,5,0.0,12.29,55.23,59.64000000000001,1,1,1.0
55,7,160.5,29.7,132.85000000000002,73.59,1,1,1.0
55,2,91.0,0.0,230.41000000000003,62.92,1,1,1.0
55,3,303.55,0.0,403.05,115.21,1,1,1.0
56,5,0.0,10.59,45.88,59.64,1,1,1.0
56,7,146.9,28.85,126.03999999999999,71.88,1,1,1.0
56,2,91.0,0.0,230.41000000000003,62.83,1,1,1.0
56,3,303.55,0.0,403.05,115.21,1,1,1.0
57,5,0.0,9.74,37.38,59.63,1,1,1.0
57,7,133.25,29.75,122.68,68.43,1,1,1.0
57,2,91.0,0.0,230.41000000000003,62.75,1,1,1.0
57,3,303.55,0.0,403.05,115.21,1,1,1.0
58,5,0.0,11.44,30.57,59.629999999999995,1,1,1.0
58,7,119.64,28.05,122.69000000000001,68.43,1,1,1.0
58,2,91.0,0.0,230.41000000000003,62.66,1,1,1.0
58,3,303.55,0.0,403.05,115.21,1,1,1.0
59,5,0.0,12.29,21.22,59.63,1,1,1.0
59,7,105.19,27.2,122.68,68.42999999999999,1,1,1.0
59,2,91.0,0.0,230.41000000000003,62.57,1,1,1.0
59,3,303.55,0.0,403.05,115.21,1,1,1.0
60,5,0.0,12.29,11.02,59.63,1,1,1.0
60,7,98.4,29.7,113.32,62.53,1,1,1.0
60,2,91.0,0.0,230.41000000000003,62.49,1,1,1.0
60,3,303.55,0.0,403.05,115.21,1,1,1.0
